84
-197 121
-193 22
-192 42
-187 17
-177 96
-175 39
-170 188
-161 131
-158 43
-157 47
-146 40
-143 81
-142 97
-138 127
-129 4
-128 190
-113 137
-111 190
-105 3
-103 19
-100 9
-98 35
-91 133
-89 100
-81 118
-69 92
-65 52
-59 128
-57 125
-51 74
-48 53
-47 20
-42 166
-35 23
-29 148
-28 23
-26 143
-19 176
-18 99
-13 137
-9 106
-8 144
-7 101
-1 185
0 56
8 18
23 99
33 199
48 11
55 98
56 6
57 78
60 60
65 71
66 18
69 170
73 30
76 119
79 101
80 148
82 108
85 181
128 28
129 9
135 45
136 74
137 54
145 182
147 68
154 66
155 8
158 182
164 146
167 26
168 74
170 172
175 117
178 140
180 66
182 93
183 138
184 119
186 45
192 109
10000
-138 -129
-48 -47
-129 -128
-79 26
-18 -13
186 192
167 168
65 66
-16 175
-47 -42
8 145
-128 192
-129 95
123 130
-29 -28
-158 30
-91 -89
27 76
-7 73
-42 -35
-142 -138
158 164
147 168
-134 -42
55 56
-129 76
-158 73
-177 -175
135 136
-129 -128
-187 -93
44 74
-175 -170
-39 47
-78 34
-32 192
-2 177
-113 -111
-51 80
65 66
82 85
-115 171
-175 -170
-45 180
-136 9
69 73
-59 -18
180 182
0 82
-23 168
-140 65
-128 -113
-96 85
-161 -92
-128 -113
-170 -40
-158 -157
-169 184
-100 -98
-57 143
-1 66
175 178
-111 175
-100 -39
-18 -13
57 60
51 66
-13 -9
-161 -158
-86 52
-156 -51
-187 -18
76 79
-105 8
-42 76
-132 48
-161 -158
-157 -146
136 137
-24 64
-138 64
-57 56
-94 178
168 170
-52 -7
-7 198
-57 -51
-13 176
-157 -44
-155 132
-53 137
-98 -91
-194 0
-193 168
-103 49
-7 -1
-18 68
154 155
-101 69
-59 -7
-13 -9
-146 -143
-105 -52
60 65
-59 -57
-128 -113
18 73
38 183
-161 -101
-91 122
-190 -143
145 147
-47 158
-98 -91
-193 182
186 192
-28 -19
65 148
-67 186
-9 -8
-143 -142
136 137
90 130
-178 10
-143 134
-109 79
-138 180
-146 -143
182 183
-57 169
66 69
-77 -35
77 85
117 192
0 8
88 194
129 170
-85 14
-128 -113
-75 -7
-47 178
146 175
-105 -103
-56 54
-7 -1
183 184
-105 -73
-197 144
154 155
50 85
-13 186
-161 136
-138 35
-184 -145
-22 135
-99 2
-193 -192
-175 170
-193 -192
82 172
73 76
-161 48
-68 56
56 85
137 145
65 66
-151 54
-84 135
-7 -1
-129 -128
-111 -57
-111 -105
180 182
27 186
-48 183
-158 -157
101 180
128 188
-35 -29
-137 95
158 164
-100 182
-146 -128
55 147
-7 -1
-170 -161
80 82
-158 8
92 155
-168 -103
-175 116
-57 57
178 180
-29 178
-19 189
-198 -89
-193 -105
-60 -45
180 182
-13 -9
-54 7
79 155
33 154
-146 -143
-185 68
13 177
-8 135
33 48
-89 41
-9 -8
-128 -59
-19 -18
-192 65
164 166
-51 0
-133 32
82 155
167 168
73 192
57 60
147 154
119 187
-28 175
-58 141
-45 -36
164 167
-69 -65
-81 -69
-81 -69
-64 102
-128 183
0 8
73 183
-142 -138
-28 -6
-175 -109
-131 49
-142 -22
-26 -19
-26 -19
-59 -57
57 60
85 103
113 175
-170 168
-161 -158
-28 -26
-122 -9
-89 -81
-18 -13
8 23
-91 66
-103 -100
73 76
-81 -69
-113 -111
-59 -57
69 73
-7 -1
-128 -113
-46 170
136 137
-163 138
30 138
117 170
-18 145
-170 -161
129 135
-18 -13
83 180
-116 -42
-170 -158
175 178
-193 -192
-197 -193
-48 -47
1 129
167 168
-100 -98
-89 -81
-18 -13
-47 192
135 136
55 135
115 145
-59 -57
-48 -47
117 137
129 184
-158 154
-197 152
-194 116
175 182
54 167
-143 -142
-170 135
-98 -91
-105 -30
-69 128
-125 -98
-135 -69
129 135
-187 170
-111 -105
-175 -19
-13 -9
23 33
56 85
-177 -175
-157 -146
-141 33
-197 -117
-4 16
-39 184
186 192
-146 -143
102 164
-18 -13
-118 187
-81 -3
167 168
-187 76
-129 -128
65 75
147 154
-47 163
-59 -57
175 178
-185 -163
-161 141
-157 129
82 85
-47 -42
-8 -7
-146 -143
-147 -29
-89 32
-35 138
145 192
-199 -183
69 76
-187 -128
135 136
-170 -161
-28 -26
-175 -162
-175 -170
-138 193
158 164
-127 180
-98 -91
-138 -98
82 138
-142 92
-144 148
-141 -51
48 55
91 120
137 145
-47 -42
-170 -161
-1 0
128 129
73 76
82 85
155 158
-28 -26
-119 152
-91 79
-158 -157
-136 -111
16 66
-38 164
-71 -19
8 34
-28 8
18 154
91 158
108 165
184 186
-89 -81
-46 164
-185 79
-59 -57
-187 165
-187 -177
-98 -91
-187 -177
-102 168
-199 -88
48 182
-57 -51
-146 -88
85 128
-130 -81
-146 -114
-128 95
-100 -98
-98 -13
175 178
-177 111
-72 59
170 175
-187 -130
-156 121
-188 -158
-35 6
-142 -26
-157 -146
82 85
-98 -19
-51 141
65 66
-89 -13
8 23
-143 -142
-197 -193
-95 -91
-51 -48
-35 117
-186 69
-170 152
-112 167
23 33
-155 65
-89 -81
128 178
-108 -94
175 178
164 167
25 164
-91 -57
147 158
-157 -146
-148 25
-89 -81
-179 178
-111 76
65 66
-89 -81
-146 -143
128 129
-174 47
-51 -48
80 149
-69 -65
-34 73
-57 -51
-177 40
-142 -138
66 69
-192 -29
-197 155
65 66
129 135
-104 -102
66 69
-129 -128
-194 159
-130 23
-161 -158
-177 -175
-120 76
-197 48
-57 -13
135 136
-193 76
-158 117
184 186
155 158
-181 -42
-103 -100
-9 167
184 186
164 180
76 79
145 164
-128 -113
-68 18
80 87
-158 192
135 136
-111 -84
8 23
-131 -105
-151 -25
-91 -89
-143 -142
-146 -143
175 178
-49 115
-165 167
-89 73
-65 -59
128 129
85 128
-193 82
-177 -175
-158 6
0 8
-143 158
-68 8
158 164
-158 -157
167 168
116 191
-106 60
-115 116
145 147
137 145
-128 13
178 180
-111 162
178 180
182 183
178 180
48 55
-146 -19
79 80
-170 -161
-113 175
80 82
180 182
-82 9
-157 -146
-177 -175
170 175
-161 -146
-98 -91
-192 -94
23 33
79 80
-114 23
76 79
-191 69
175 178
-51 -48
-170 -113
-197 -119
-175 -170
175 178
-158 129
-170 -161
-42 135
158 164
-157 184
-47 -42
-177 99
-195 183
-95 83
-18 144
0 8
-51 -48
-135 164
-198 -192
170 175
170 175
-98 198
183 184
-192 -187
-183 56
113 186
-9 65
-9 -8
-9 -8
-163 141
128 129
-9 -1
66 167
-47 82
66 69
182 183
-105 -103
-103 -100
-192 -105
2 129
-81 -69
4 191
-91 -89
184 186
-65 171
-31 -3
-164 170
60 65
-47 -42
-57 158
-186 -86
33 135
76 79
-175 -48
-74 154
82 128
33 48
-20 184
-28 -26
56 164
-177 83
60 65
-111 -100
-49 131
-81 -69
-105 182
48 55
-98 -91
158 164
79 126
-157 195
-56 61
-177 129
-199 172
-197 69
-100 -98
-29 -28
-19 182
-38 154
55 57
48 55
135 136
170 175
48 55
-165 19
-192 -187
66 180
-7 102
-60 48
180 182
61 186
-138 -137
69 73
-138 -7
178 188
-161 175
-119 180
-13 131
-45 -24
-13 8
79 80
0 8
57 170
-111 -105
-103 -100
-126 51
-57 -51
-129 97
-113 -111
168 180
145 147
164 167
145 147
-65 -59
-29 172
-138 -129
-7 -1
-85 -29
-161 23
-69 -65
-170 178
-51 55
79 114
-59 99
-150 184
-143 135
-192 -187
-21 71
131 180
-193 -192
0 8
-35 -29
184 186
-167 -100
-139 131
129 135
-9 -8
-105 -103
-170 -60
-9 85
-63 92
-49 6
-193 109
-143 -52
165 168
-111 9
175 178
-177 -1
-172 79
8 23
-89 -81
-11 146
-13 -9
-103 -100
-163 55
-129 56
178 180
4 60
-111 -105
158 164
60 65
-69 -65
-123 88
82 84
23 33
23 33
56 57
-50 124
-156 162
-161 -9
60 140
-28 21
-113 -111
-187 133
56 57
-138 -129
129 135
69 73
-26 -19
-161 -158
178 191
147 154
-167 168
-175 -170
38 66
0 8
-1 140
-138 -129
-19 -18
66 129
183 184
-51 16
-129 -13
-146 -143
-189 -124
164 175
73 76
129 186
0 8
-158 -157
129 196
145 147
-19 -18
85 128
4 69
33 80
135 136
79 178
145 147
-170 -161
-119 151
-116 182
-187 -177
-170 -161
-48 71
129 135
-74 -19
-103 184
10 160
-18 -13
-155 124
-128 -113
-192 -187
-89 175
-171 175
158 164
-158 -29
-170 10
-84 74
-81 139
-111 57
-18 94
-8 -7
-1 33
-65 -42
-82 -79
-13 79
129 135
-175 -170
79 80
-18 -13
70 85
69 73
-8 -7
-193 170
-48 69
-113 62
-197 -193
-157 -146
-65 -11
-81 182
-129 -128
164 167
-171 -18
-193 -100
-175 73
-186 167
158 164
129 172
0 8
-142 -138
82 85
-146 -143
48 126
66 155
-106 106
-59 145
-146 154
57 60
48 55
-138 -129
56 57
-175 -170
-29 -28
186 192
-193 -192
-33 167
186 192
-157 -146
-80 3
65 66
55 56
-75 159
-175 -170
-175 -158
-161 -158
184 186
-161 -158
-98 -91
-89 100
-177 -175
154 155
-108 168
-154 -136
-157 44
-103 -100
-104 -7
-146 109
128 129
-25 -1
167 168
-16 180
-149 71
-105 -103
-167 56
170 175
69 73
137 145
-81 152
-18 -13
-81 -69
65 66
180 182
-119 186
-59 -57
-146 -143
-81 175
-19 -18
-57 -28
-161 -158
-128 -113
168 170
-115 156
-105 -103
175 178
-82 129
79 80
-47 -42
125 178
-197 32
-7 -1
-135 -2
-57 -51
0 115
-192 -187
56 57
0 8
-197 -182
38 57
-57 -7
-103 17
58 135
65 66
-8 -7
-7 -1
-146 -143
-177 -175
-83 -57
164 167
-7 68
-126 169
-81 -69
-170 -18
-105 -103
-175 -148
128 129
-151 -65
84 153
180 182
-190 76
-174 -146
-91 -39
-151 -19
-77 -42
69 80
79 136
47 57
-57 -51
186 192
-170 -55
-194 -124
-175 -170
186 192
82 172
-113 -111
-111 -105
76 79
-91 -89
-19 -18
-28 73
27 31
-146 -143
167 187
-146 -143
-1 135
48 55
40 106
-92 8
-145 -43
-58 8
180 182
-193 -192
-111 -105
-111 -105
155 158
55 56
-128 -113
155 158
168 170
-103 109
-138 -129
82 85
-146 128
-111 -43
-189 -157
8 183
-20 182
-93 147
-57 -51
-27 -9
57 60
80 82
-100 -29
56 180
-91 18
-185 164
-1 175
129 135
-69 178
-187 -89
-42 186
82 85
-193 80
50 167
-138 -129
-130 34
-50 186
-157 100
170 175
168 170
-23 117
-18 -13
-129 56
57 60
33 48
154 155
-80 60
-193 190
-59 -29
-109 -86
-192 -187
186 192
-173 -60
-170 60
9 27
80 82
-143 -35
52 184
-184 178
76 79
-42 155
-22 80
-142 23
178 180
-177 -175
-26 167
-192 -187
164 167
184 186
57 60
9 57
145 180
-170 154
-142 -138
-89 154
-59 -57
-161 194
80 82
48 57
-116 136
167 168
-1 0
-57 184
-89 -81
174 184
-113 -111
175 178
-47 -42
82 85
-113 -111
-8 -1
-161 -158
-47 -42
57 60
9 60
-55 104
-158 79
-42 -35
-35 180
-65 -59
136 137
-128 -113
135 136
-192 -42
-89 -81
153 154
170 175
-102 -18
65 159
-159 -64
82 85
-89 173
135 136
-7 -1
-193 -118
184 186
-129 52
170 175
-42 175
-91 -89
167 168
-175 27
33 48
175 178
-19 -18
-187 -177
136 137
47 168
33 48
-89 -81
105 182
96 168
-158 -157
112 197
-146 167
33 48
-158 -157
-103 -19
-9 -8
73 76
-48 -47
164 167
-69 -51
-81 -69
0 8
170 175
-28 -26
168 170
-7 -6
-57 184
-69 -57
-146 66
-138 -114
8 56
79 167
-187 -79
-129 -128
-187 164
136 192
0 8
85 128
-57 -51
-46 -42
-146 -51
167 168
-146 -143
76 106
-138 -129
-129 152
-162 -103
79 137
-65 -61
164 167
85 128
184 186
-3 147
82 85
76 79
-165 107
-69 49
-42 10
-192 0
-69 -65
-185 73
-113 -111
147 154
38 184
136 137
-148 135
-193 122
186 192
-6 163
60 93
-172 171
-89 5
147 168
164 167
14 76
-89 147
-43 164
79 80
56 66
19 137
69 192
-98 -91
-48 26
69 180
-103 164
48 55
-143 -142
-87 177
-106 158
168 170
69 73
-156 154
-138 128
-128 80
145 147
-157 -146
-193 -192
66 69
-51 -48
-89 170
-177 -118
8 128
167 168
-157 -6
-35 -29
-136 -13
-9 -8
186 192
-138 192
-28 -8
-170 -161
-170 -161
64 88
-165 -81
-175 -119
0 178
-48 -47
-146 -143
-187 -177
-138 -129
-104 182
-9 -8
-156 186
-57 184
-26 -19
137 145
-19 66
-161 -142
-28 -26
175 178
-42 -35
60 128
-138 -18
178 184
-133 -75
-166 192
66 69
-18 -8
186 192
164 167
-8 -7
-26 128
55 56
-89 -69
-34 -21
-175 -29
164 167
-8 -7
-81 -69
-98 -47
76 95
168 170
-91 -89
100 131
-7 -1
-193 -158
-119 -116
23 33
-117 -105
-113 154
76 79
-4 94
-19 -18
-26 -19
129 135
85 127
-197 -90
178 180
-105 -103
-35 -9
-187 -177
129 135
-192 -187
-105 155
155 158
128 129
-26 -19
-56 129
-6 184
-100 -98
-9 -8
-161 -57
-47 -7
129 135
-177 100
164 167
-161 -158
38 136
-138 -129
-103 182
-29 -28
101 145
-146 -65
128 129
-31 170
-193 54
-1 0
-143 168
147 154
-47 -42
-103 -100
60 168
80 182
0 8
66 69
167 168
-7 -1
-69 183
-35 187
-187 17
-19 -18
-29 -28
137 145
-7 -1
-69 -65
170 175
-69 137
33 48
55 56
170 175
-8 -7
-108 146
85 128
128 129
-158 164
121 182
182 183
-197 33
8 85
-105 3
-98 -91
112 180
-134 -47
-100 -98
186 192
50 184
56 57
-161 154
-18 -13
80 82
167 195
-113 -111
65 66
-177 -175
0 8
175 178
-108 -97
-129 -128
73 76
-91 186
-192 137
76 79
-197 -31
-12 136
-7 -1
159 179
-126 71
158 164
-98 -91
-18 29
-111 -47
-158 -157
-37 139
-69 -65
155 158
33 48
-192 -105
-18 -13
-129 -128
-47 -42
-157 66
-68 -26
56 180
-197 -193
158 164
-114 53
-187 -16
170 175
55 175
-72 136
-8 -7
-28 192
-9 -8
48 145
-142 -138
170 175
-100 -98
164 167
128 136
-128 66
129 130
-113 -111
147 154
-146 -143
-42 158
-113 -111
-143 -142
182 183
-187 -177
10 168
-129 -128
149 175
65 66
-157 57
129 135
167 168
-159 168
-103 -23
145 147
-35 -29
-135 28
-29 -28
-18 164
102 137
-171 -1
127 170
134 173
-146 123
33 48
-42 -35
168 170
147 154
33 74
128 129
-57 73
-51 -12
-52 -51
-188 3
-177 38
-181 -42
167 168
-170 -161
-81 -69
-175 -165
55 56
-164 136
76 79
33 180
-47 129
-105 -103
-100 -98
-133 -59
-18 -13
-177 -175
111 167
-115 139
-51 100
86 137
33 170
76 167
-84 0
55 124
57 60
-32 154
164 167
14 167
-137 65
-148 21
-193 -186
-7 0
-100 24
-29 182
-100 49
120 167
52 180
80 82
45 129
80 82
-19 -18
55 56
-105 -103
-126 121
-48 -14
-19 183
-18 -13
183 184
-18 -13
60 65
-47 -1
-105 170
-7 59
-91 88
129 158
129 135
-98 128
183 184
-42 80
158 164
-138 -129
-158 101
-178 -20
60 65
-194 158
-68 -7
-69 -65
158 164
-103 155
-42 104
155 164
-81 116
-187 -157
32 76
-48 -47
73 76
-187 -177
170 175
138 145
-99 -51
-146 -143
69 73
80 82
129 135
-175 128
25 129
164 167
128 184
-91 -89
-8 -7
-175 -89
-85 69
-170 -161
-19 -18
65 66
-193 -192
74 175
-146 -143
18 29
-35 159
-66 23
-197 -193
-189 192
4 155
-7 -1
-170 42
64 183
8 147
69 73
158 164
-153 9
-70 57
136 137
-129 183
-57 178
-100 -98
-56 80
147 154
-90 186
76 89
-26 -19
-143 -142
-91 -89
-26 -19
129 135
-59 142
79 80
-192 -187
-174 -42
-42 -35
-29 -28
57 60
-129 -128
-170 -161
-69 -28
-19 -18
-40 33
-67 -65
79 80
-24 155
8 23
-197 -193
-193 -192
-105 -103
-157 104
170 183
-13 -9
136 137
85 164
-42 -35
-1 89
-142 -70
-111 -105
-34 80
-143 -142
-7 80
-168 39
55 76
-26 -19
-129 -128
-177 -175
57 60
-83 104
-183 -6
-193 96
-139 179
-47 71
-65 -48
-18 -13
-143 -4
-183 -42
55 56
-59 -57
-111 -103
-138 46
-18 96
-146 -143
145 167
128 129
-48 -47
-19 -18
-106 72
-1 186
-146 -143
-26 -19
-95 154
54 187
-19 -18
-29 -28
158 164
173 186
23 33
-18 126
-35 65
-133 8
-170 -64
-73 -1
-65 176
-40 8
-72 65
-197 -193
-69 65
60 65
0 99
-114 -87
-157 147
152 170
-193 91
147 186
-197 57
-91 -89
70 129
-158 -157
8 23
-81 -32
-175 76
-136 82
-9 133
-29 -28
-152 167
-48 79
-155 -65
-8 -7
-187 -177
31 48
-4 79
8 137
-9 -8
145 147
54 155
134 141
-28 0
48 123
-8 129
60 65
-72 109
-135 -125
-83 168
66 69
-7 129
60 65
-138 52
-25 73
-91 -89
144 184
-122 161
1 55
9 58
-193 -170
-146 -61
-57 -51
12 13
-8 -7
23 33
167 168
-175 -58
-191 -91
170 175
-3 33
-176 44
-128 -86
-190 -65
145 147
33 48
-42 -35
-97 112
-187 105
-143 -142
-42 -35
-21 33
-57 48
-105 -17
-187 -177
10 149
-69 69
186 192
-35 73
-1 0
-47 -42
-57 61
-59 -57
-102 147
-47 -42
-140 182
-103 -100
155 158
-8 -7
-98 58
175 178
-147 8
-129 -128
-187 187
-89 184
-13 -9
-150 43
-7 129
82 85
168 170
72 184
-59 184
-29 55
-158 -89
180 182
180 182
-89 -28
-98 -91
-176 -69
-69 183
-1 0
65 66
164 167
80 98
-89 75
-175 -51
-129 -128
-163 -98
-92 184
180 182
63 175
-47 -42
60 65
-28 151
-91 -89
-57 184
-178 158
-18 164
-1 0
182 183
-28 -1
-53 64
-170 -161
60 65
-147 -113
79 80
145 147
-47 -42
-139 112
-67 152
-84 82
-122 -12
-28 -26
65 66
-129 -128
-155 -129
-42 -35
-7 -1
-169 155
-117 25
-28 164
-88 136
65 66
-187 -177
80 179
-85 197
-126 186
-167 -57
180 182
-92 -66
-42 -35
-192 150
-192 154
-177 -99
-133 -78
-193 -192
-105 -103
-143 27
-16 111
158 164
154 183
8 145
66 69
182 183
-69 -65
-81 -69
-130 167
-129 -128
168 170
-187 -115
56 57
-13 -9
-65 -28
-18 136
-100 -8
55 56
-143 183
-161 -158
-29 -28
35 73
15 16
-183 17
178 180
-161 -158
48 193
73 129
-69 -65
-81 -69
-28 -26
-105 191
-192 -187
-13 -9
-136 184
-98 -91
-146 41
65 66
-197 -7
-9 136
-59 -57
-47 155
-187 -177
71 151
-170 -161
155 158
69 73
-57 -51
-128 -113
-113 -111
-9 66
-161 -158
-65 -27
0 161
56 57
-161 -158
82 85
48 55
66 69
69 147
-105 56
-177 181
150 178
-177 137
168 170
-47 -42
15 69
13 24
-132 -57
129 135
-185 -171
-89 0
145 147
168 170
-196 -105
-183 73
56 57
129 135
-105 -103
-96 -54
-108 135
85 128
73 136
-81 -69
52 73
-48 -47
-91 -89
-128 -113
73 76
-128 82
-7 -1
-32 66
-138 -81
-96 -26
178 180
-37 80
-143 -142
175 178
-7 -1
-153 128
-47 60
-197 -103
66 69
-157 -146
154 155
-157 -115
80 82
0 8
-143 -47
182 183
-114 176
-8 -7
48 55
-129 -128
-45 -1
-114 163
-134 156
-143 172
129 135
155 158
-69 147
-192 58
-162 145
-113 -7
105 163
-75 85
-138 186
55 56
-18 -13
-47 -42
-192 -187
-193 -192
56 57
-88 168
-7 63
-199 155
57 60
141 168
-128 -113
57 60
-187 -177
-170 -161
-193 -192
-100 -59
-47 -42
-197 -193
-53 184
-111 184
182 187
-65 -59
-111 -35
-128 -91
-161 121
-69 -65
-61 147
180 182
138 170
-87 84
-47 -42
158 164
-8 172
82 85
-157 -146
-177 164
78 186
-157 115
-61 192
-94 154
79 165
164 167
167 168
-187 -158
-163 182
136 137
25 183
65 66
-48 136
-8 39
-175 137
-175 -23
85 128
147 154
33 48
-152 126
-1 0
-19 -18
-177 -81
-78 79
-51 -19
-57 155
-91 -89
65 66
-130 35
-98 60
-56 57
-197 -170
-146 89
-128 129
-89 -81
-75 118
-76 -16
-1 94
-47 61
-35 -29
-115 -37
-160 52
4 163
-187 -158
186 192
-192 155
129 184
-142 75
-18 -13
18 69
-111 -105
-59 -57
170 175
23 173
-189 -171
-192 119
-128 -94
-1 170
-158 -157
76 79
79 80
66 69
-118 104
82 85
-35 182
170 175
-129 184
-146 184
-182 178
-190 -90
-103 -100
-27 91
-48 -47
-129 -128
57 60
-103 -100
-103 -100
-197 -129
164 167
-20 164
-81 93
0 8
-190 160
-174 73
73 76
-161 -158
-177 -175
-197 -141
158 170
123 129
-98 136
-170 158
-199 192
-100 -98
-35 136
-116 145
-29 -28
-134 80
-57 154
116 121
82 85
-138 -129
-72 61
-18 193
-138 -129
69 96
8 144
-98 168
79 80
125 162
-116 80
-47 -42
-170 -161
-157 -146
168 170
-59 -57
-187 -177
57 176
79 80
-103 -92
80 82
19 118
-158 -111
-29 57
-41 -14
-151 60
-65 55
-161 -158
8 23
-187 -177
164 192
163 175
168 170
-138 184
-138 -100
-89 -81
-7 -1
-98 -91
-42 -35
184 186
85 128
8 55
-42 180
85 128
-105 -78
82 85
-51 -48
-48 -47
-8 79
137 164
-89 23
182 183
-162 57
80 82
178 180
-19 180
135 136
155 158
-187 -177
-195 -146
175 178
-94 -18
-35 -29
-7 -1
128 129
180 182
-161 -103
-142 -138
-51 -48
-55 116
170 175
-52 -35
-81 69
-91 169
73 76
-4 44
60 85
65 66
80 82
-157 -146
-98 59
-129 -128
128 129
-131 -62
167 168
66 69
-100 -9
145 147
168 170
76 79
-41 -9
180 191
145 147
56 154
-183 145
79 80
-115 175
-113 -111
-91 -89
79 145
-120 -15
-197 80
56 57
180 182
167 168
-123 -79
11 66
-65 -59
-65 -59
-27 82
184 186
-105 180
-42 154
135 136
-35 90
-18 -13
0 8
-104 -39
46 145
145 147
-129 76
2 128
-178 180
-95 -26
-29 67
46 80
56 57
-105 -103
-91 183
170 175
-5 180
65 66
129 149
-89 -81
80 82
-111 175
-100 -81
-129 -128
-89 -81
-175 155
-19 -18
-161 -158
-47 -42
158 164
-8 -7
-81 -69
-177 -175
-65 192
136 137
182 183
136 137
79 80
-99 27
-146 -139
-103 -100
-103 -100
-41 44
-75 8
137 145
79 158
-138 -129
-35 -29
128 180
-81 23
-81 161
-192 -187
85 128
-122 -51
168 170
-59 -57
-89 -81
155 158
80 146
126 154
-143 -142
168 170
-42 116
-138 -129
-29 -1
48 68
65 66
82 83
-95 8
73 76
-125 -9
-87 199
178 180
-143 38
-111 188
-110 24
116 180
48 170
-96 -5
-29 -28
184 186
3 56
-100 -98
186 192
-192 -187
128 129
-81 180
33 48
0 155
-42 180
136 137
-179 -55
128 129
66 150
-134 186
-48 -47
12 23
-157 65
158 164
-100 -71
-26 183
56 57
-8 -7
-114 148
56 57
-193 73
-113 -98
-177 -175
-177 -53
-111 -105
57 60
-103 167
0 8
-187 -35
-89 60
-57 89
-170 -161
-91 177
65 66
48 121
79 129
28 183
-69 -44
-98 -91
186 192
-65 -59
-18 -13
144 148
48 55
0 8
-48 176
-98 -91
-35 158
164 167
183 184
-19 -18
-103 66
-87 121
-7 -1
-138 43
65 136
135 136
40 170
80 82
145 147
-159 178
-152 63
184 186
-18 -13
85 193
-142 -138
-47 -42
135 136
-65 -59
-9 -8
-10 -1
76 79
145 147
-89 85
-145 -35
-57 33
-151 -103
-197 -59
-197 -193
-111 -9
135 136
-113 -111
-157 -146
-173 32
-157 -146
82 85
-103 192
-121 176
-198 -167
-146 -9
-146 49
-14 163
-197 55
-158 -157
-9 140
-57 -51
-170 -142
-65 -40
145 147
-138 -14
-167 -81
-35 -29
13 154
65 66
60 65
-47 -42
135 136
-102 66
-138 -129
158 189
-42 -35
0 167
69 73
-143 99
-142 -138
-197 -193
178 180
-140 60
60 97
-98 -89
-7 -1
135 136
23 192
-170 -29
-26 -19
-26 -19
-128 -113
-142 -138
-26 -19
-197 141
-157 -146
-97 34
155 158
-71 -8
23 178
0 137
167 168
-164 -48
85 128
56 80
75 83
30 180
-192 -187
-127 -111
90 146
-197 -158
-148 164
-173 -169
-98 168
-128 -113
-103 112
-65 175
-115 -7
-157 -146
79 80
-138 -129
-81 -48
-142 164
158 164
5 85
-48 -47
-161 -13
-81 -69
183 184
-157 119
-179 -47
-113 -2
129 135
-13 -9
128 129
-175 -170
92 182
-111 -6
-192 -18
-21 62
145 147
-48 -47
-132 107
-103 -100
-139 -49
-103 183
-187 -11
-137 -4
-172 146
-181 130
136 137
-37 129
-170 -59
-194 -129
-35 -29
69 73
-48 -47
180 182
-127 175
-193 124
-43 168
-7 -1
-192 -187
8 23
57 60
182 187
-175 -51
-48 108
-142 -98
41 183
-138 -89
-187 -177
73 76
-142 23
69 80
-170 35
9 163
-82 -75
-29 -9
-142 -138
-177 -175
-113 170
-48 186
-143 153
-158 -1
33 66
-186 158
158 164
-187 -177
-2 136
168 170
-89 -69
-197 118
-111 -105
85 128
-149 -97
-66 -19
168 170
98 178
-51 110
-134 -91
-20 152
-143 -129
60 85
-81 8
-10 80
-142 -138
-28 -26
23 33
-167 -111
-51 -48
168 170
65 66
-98 -91
118 155
-16 137
-6 69
65 66
-129 65
-183 -26
-92 155
8 23
57 137
-146 -53
-197 -100
-143 -113
178 180
-140 58
-173 125
-69 76
82 85
180 182
-64 -26
-128 -113
-146 164
178 180
69 73
170 178
48 55
-9 -8
-117 164
-8 -7
-8 -7
137 182
57 169
184 186
79 80
-131 168
65 145
57 60
-161 -28
-82 121
55 56
10 57
-113 82
-29 -28
184 186
-157 -29
17 56
-140 175
-175 -170
-8 -7
100 103
-2 66
-187 -26
60 65
-69 -65
-192 -187
-53 65
-81 -69
-187 63
-85 115
-65 -59
-21 167
73 106
-100 -98
60 65
-19 -13
-98 -91
-126 76
164 167
-193 -192
-111 39
-129 -29
-142 -138
-192 -26
-53 55
-78 -57
69 73
-13 -9
-47 -30
-13 -1
155 158
129 135
-177 -41
175 178
82 85
-170 -161
147 152
76 79
-106 110
128 129
-91 120
-7 107
-57 -51
-42 -28
145 147
-8 149
-19 -18
8 23
-13 -9
184 186
-47 -42
-13 55
-142 85
-143 -142
23 178
184 186
175 180
-140 33
-28 -26
-56 155
67 136
167 168
-196 -105
-113 -13
135 136
-146 -138
-175 129
56 57
-194 -98
-41 55
-111 -105
-28 129
158 164
-28 -26
182 183
128 129
-98 -91
-89 -81
-176 145
-192 -187
-187 -177
147 154
-157 -51
8 23
-168 -28
-26 -19
-51 58
-81 -69
-18 -13
69 73
33 48
-193 -146
-161 69
-69 31
-103 -100
-92 168
-92 94
-30 184
76 79
48 55
-152 168
-81 -69
-35 -29
-103 37
116 182
-121 160
-159 80
-143 63
155 159
-98 -69
-175 -13
33 149
-112 -18
-150 -65
-1 194
-157 13
-157 -18
-195 -75
-51 119
0 8
164 167
-165 136
0 8
-142 -138
30 80
-65 170
135 137
-146 -143
-42 -35
-177 -175
-161 -158
-7 147
158 164
60 68
-187 -177
-69 167
-151 129
65 66
-197 -193
-177 -93
-138 91
76 79
168 184
170 179
167 168
-7 170
41 121
-113 33
168 170
73 76
155 158
-85 98
170 175
57 60
-170 -161
170 175
18 167
-158 2
145 147
-161 -158
-35 182
65 66
-79 187
-48 -47
-196 30
0 8
-91 -89
-49 -39
-161 -158
76 79
76 79
-49 -37
-77 175
-57 -51
103 192
-57 -51
183 184
178 180
100 159
-192 -87
79 136
-138 -129
-159 42
-192 -63
-48 65
183 184
158 164
186 192
48 64
-134 38
135 136
79 80
-9 85
20 174
-153 -100
65 66
60 65
-65 39
-142 -138
-138 -129
-47 186
-89 -81
-111 48
33 48
170 175
22 79
-146 -143
-192 60
-116 146
-162 -2
-164 161
-19 -18
85 128
-50 -33
69 73
-81 168
-170 -61
76 85
154 155
-59 128
-128 -113
-98 -91
-161 -158
85 128
-57 -51
48 56
-57 158
-149 -128
-142 -26
-1 0
-91 147
8 85
-193 147
-57 -51
7 52
-130 85
-113 -111
-64 -52
-76 90
183 184
-8 -7
-57 -51
-113 -111
-156 -113
55 56
-170 5
-7 -1
128 129
-35 184
79 80
-103 -100
-173 145
-19 -18
-26 -19
-170 -161
-172 66
-129 -128
-9 -8
-102 55
-26 -19
25 180
147 154
-18 -13
-196 -175
-9 -8
-42 41
-69 -47
80 82
69 73
48 55
-29 140
-8 -7
55 180
-142 -138
65 66
-176 48
-161 -158
154 155
-7 -1
74 170
-164 169
-36 174
-193 -192
85 89
-103 56
8 119
-133 -101
-172 170
23 82
-143 -142
23 33
-111 -105
135 136
-89 -81
-161 -129
-187 -177
80 192
-129 -128
-175 -35
-8 -7
-59 183
35 178
-55 -48
-193 -28
-156 183
-129 -128
-128 86
-136 -59
66 69
-42 -35
149 179
137 182
-103 167
-59 -9
0 8
-29 -28
141 183
-175 -170
-13 -9
-42 65
155 158
-142 76
186 192
-146 60
-95 -15
-186 -91
-138 -129
155 161
-142 -138
-177 -47
-170 192
33 154
12 154
183 184
168 170
-170 154
-13 65
128 186
-59 151
-53 135
-183 175
147 194
-141 184
-59 -57
76 136
-158 -157
-19 -8
182 183
178 180
-122 148
60 65
76 79
182 183
60 65
180 182
-48 147
175 178
-197 16
60 165
135 136
-116 -105
-128 -113
-57 -51
79 172
-103 -52
23 33
-1 57
83 165
-19 -18
137 145
-19 120
99 155
-136 -59
-18 -13
-93 -18
-50 116
-8 -7
145 147
164 167
-169 -46
-163 117
8 23
158 164
-157 -146
-170 195
-99 80
78 145
-134 -22
-197 -193
-105 -51
85 128
-105 -103
79 80
167 168
-78 -1
75 108
-7 52
155 158
150 159
-128 -113
-69 -65
-100 67
-157 -146
8 23
-85 -52
57 60
-9 186
-170 -161
-170 -47
170 175
-53 167
-9 -8
-47 -42
80 82
-31 48
-193 -35
-18 -13
-113 -111
-51 -48
-181 -42
-92 160
128 129
136 137
-153 -100
-161 66
-81 -35
-17 192
-146 -143
-172 118
85 128
-1 0
-143 -142
-149 167
-143 -142
-1 0
-13 -9
-66 145
-193 -192
-158 -157
48 82
164 167
-8 -7
161 168
-157 -42
82 192
-193 -187
-161 -158
-100 -98
-51 -48
-34 145
147 154
25 31
-13 -9
167 168
-26 -19
-90 85
-187 -177
-165 99
-51 85
182 183
-182 -52
-91 73
-187 171
-188 -15
186 192
-25 136
-192 -187
-19 -18
184 186
168 170
-177 -175
-192 -57
147 167
-170 -161
-9 -8
23 33
-128 -113
164 167
-51 171
136 175
-161 -88
-138 1
82 163
-89 -81
-19 -18
-28 170
23 33
-194 103
-192 129
184 186
-157 -26
-105 -103
-161 -158
69 73
-161 -158
-48 -47
65 66
-28 -26
120 135
-197 186
178 180
-193 198
23 33
73 117
57 128
145 147
183 184
184 186
-81 -1
-103 82
60 65
-124 -91
33 48
-48 159
154 155
-57 83
137 145
129 135
-151 -51
-143 -142
-135 124
-170 -161
33 48
-59 -51
158 196
73 128
8 192
-89 66
184 186
73 76
-98 2
-123 -42
-18 137
-161 -158
-187 -177
145 147
147 175
-129 -7
-100 -98
141 170
-113 65
-193 -192
-164 56
0 8
8 61
-197 -111
-103 -100
-197 1
167 192
-19 175
-161 -158
-143 -142
82 85
-42 60
-113 146
82 85
-170 85
-177 128
182 183
-177 -175
180 182
-7 -1
-19 136
-198 -105
-105 -103
55 56
147 154
66 128
-87 96
-98 -91
-113 -111
-105 -103
167 186
81 182
-9 -8
-107 146
-124 69
-186 -61
-160 -152
-113 -111
-105 69
-98 -91
-157 -146
-158 48
-183 129
-197 -187
-193 -105
-129 125
-36 50
33 180
-1 52
183 184
-98 -91
-57 -51
186 192
-33 167
-58 13
175 178
167 168
-172 -91
-63 18
-59 -57
-34 155
9 135
-102 137
-138 -62
-129 145
168 170
184 186
-1 162
-142 136
-197 -129
-122 68
-111 -91
129 135
79 80
-151 -69
0 8
-57 -51
-117 154
-48 -47
137 145
129 135
-157 -140
-175 -10
158 164
-161 -158
-81 -69
-143 -142
30 85
-57 -51
-29 -28
0 143
-81 -69
48 55
-197 90
167 168
-19 123
-121 167
186 192
136 137
155 158
60 65
154 155
-18 14
-105 -103
168 170
-141 -42
-121 -105
-139 75
-65 128
-1 76
-177 -47
73 76
102 129
154 155
79 117
-60 -51
31 60
-90 144
48 55
-8 -7
-103 125
-158 65
-42 -35
79 80
-48 -47
-103 -100
8 23
33 164
-7 -1
-176 -112
170 175
-163 121
-111 192
65 66
-29 137
136 137
180 182
-142 168
-48 2
-42 -18
175 178
-57 130
87 168
-197 -91
-138 76
178 183
-151 167
-178 -28
33 190
-59 -57
-128 -113
-142 170
-197 -193
-146 -143
-173 31
-158 82
158 164
57 60
8 184
6 69
-197 41
-47 108
-59 -57
-42 -35
-51 135
69 73
-28 109
136 137
-146 -7
-142 -138
135 136
29 184
184 186
-81 13
-142 -138
-51 178
154 155
164 167
-129 -128
-177 -175
-142 68
-138 35
-160 -19
56 57
80 85
-65 -59
-193 -192
-170 -105
-8 -7
164 167
57 60
48 55
-151 120
-103 -100
37 167
-81 151
58 79
-158 158
-128 -59
-19 -18
-192 -13
-197 145
-165 36
-173 105
-81 129
-146 55
183 184
-138 -129
-8 12
-128 -113
0 36
154 155
8 23
-138 19
-9 -8
109 136
-138 -129
-107 -2
-59 -57
170 175
-48 89
-76 154
-9 -8
-57 -51
57 60
-161 -62
-18 154
-193 -192
-165 -60
56 135
-117 168
-125 183
-158 -6
65 66
-142 -26
-18 -13
65 66
-146 -143
0 8
-29 80
186 192
70 80
-113 -111
-161 -158
-19 -13
-177 -175
-192 -187
175 178
184 186
147 183
76 167
-143 145
128 183
-128 -113
147 154
129 135
-69 -65
180 182
-1 108
73 128
158 164
-128 -113
-170 167
-8 -7
48 55
-1 0
135 136
-14 159
-177 -175
-157 -100
-19 -18
-162 82
-149 5
-132 -127
135 136
-28 -26
-59 -57
-142 58
-28 -26
82 85
76 79
-113 -28
-111 -62
154 155
-1 0
-47 -42
178 180
-28 -26
-146 -143
23 26
-177 -69
-189 -28
-6 54
-177 -7
23 33
-143 -142
48 184
-113 -111
-4 33
-19 -6
-28 -26
85 128
85 153
-51 -10
-157 -146
-65 -20
158 164
-150 -51
-184 82
88 185
-161 -158
152 164
-157 13
-113 128
-62 -19
-80 20
-42 85
-150 158
-128 -113
175 178
-176 117
-19 -18
-138 13
-199 192
145 147
-19 -18
154 155
-146 -143
-129 -128
-47 48
-105 -103
175 178
-117 98
-7 -1
158 164
-177 -175
-105 -69
-129 -128
-91 -28
53 164
170 175
145 147
-17 126
-193 -100
-105 60
76 143
183 184
-91 128
-97 183
-175 182
178 179
-56 69
82 186
175 178
0 8
145 147
-157 164
-131 -10
-130 164
180 182
145 147
-42 -35
-116 121
85 127
73 76
-93 29
-177 48
-19 48
-69 -65
65 66
137 145
-128 -113
-167 -58
7 107
-56 79
-105 -103
-51 8
-42 -35
-193 -192
-129 69
-111 -105
-19 -18
-65 -59
-21 70
129 135
-141 155
118 137
-129 -128
53 157
-138 -129
-129 155
170 175
-197 -193
23 74
66 69
85 128
-146 -4
85 86
-142 -138
-48 -7
56 57
-24 -3
-57 -51
57 60
-1 0
129 135
-113 -111
-197 121
128 129
-71 114
-18 -13
8 164
-91 -89
-29 5
-53 35
-158 94
-165 168
23 33
47 65
-160 170
-113 -111
-91 -89
-91 150
-26 128
33 48
5 180
79 80
-121 23
-81 76
-98 -91
-8 -7
-175 159
-59 -57
-100 -95
184 186
48 173
73 76
-158 -157
145 171
167 168
-89 -59
-193 -75
-57 -51
126 188
-143 -142
65 66
184 186
-28 -26
-1 0
137 145
8 23
138 155
-197 -29
-113 173
-51 0
-161 -158
-199 195
1 85
-187 66
-128 76
-138 -129
-192 33
82 85
-101 85
-140 175
-142 -138
-138 -129
33 48
-93 182
106 147
-148 -147
23 33
-19 -18
-197 -187
66 183
57 60
0 87
129 135
-157 -146
76 79
-157 -146
-2 195
55 56
10 195
-72 -64
-46 -35
-9 -8
8 23
-98 18
0 8
-65 -59
-107 -15
-141 -126
-139 -129
-142 -138
76 79
-1 147
54 87
-18 -13
-142 -101
-48 -47
-89 33
-187 155
3 60
-19 70
-170 -161
-170 57
-105 -103
-89 186
-29 180
-42 70
-197 57
56 80
-48 154
-91 51
184 186
-7 -1
182 183
183 184
-25 180
79 80
60 65
-113 -111
-47 69
-59 -51
8 155
155 158
-28 105
164 167
-197 0
-143 -142
73 76
-48 -47
26 129
-105 -26
-57 -51
-35 65
33 130
-48 23
168 170
92 128
29 175
-187 -184
-59 175
-131 154
-7 198
154 155
-157 -100
-140 -121
129 135
-103 178
-100 -19
85 128
66 69
-59 8
-26 12
-106 99
55 56
154 155
-138 56
-113 128
-98 65
-31 158
-81 -69
-8 -7
65 69
-186 -100
-187 -177
118 192
-174 154
8 23
76 186
-36 135
-8 135
43 184
-81 0
-142 -85
-18 -13
73 76
-113 -111
-89 -81
-177 -57
-91 66
57 186
-7 -1
180 182
60 65
186 192
111 179
8 168
103 185
154 155
-136 184
76 79
-57 -51
-185 -155
-57 -51
79 80
55 60
-175 -170
-18 -13
154 155
154 155
-143 -142
175 178
-48 -47
-114 182
-161 -158
76 79
23 137
-105 -103
155 158
-26 170
-100 57
-48 -47
-42 176
-100 184
-18 -13
2 158
-4 178
85 128
-187 -135
-192 -187
-42 -35
171 176
-192 -63
-35 -29
154 155
-35 190
-9 -8
66 135
8 23
175 178
147 154
-57 137
-157 -146
-162 80
-47 194
-81 -69
25 178
-112 -29
55 56
65 66
-175 -170
-100 -98
-69 -65
-65 -59
-13 -9
23 33
-98 -18
-18 -13
-26 31
-185 -156
-57 -18
-28 -26
-193 133
-138 -103
85 128
-13 66
-82 135
79 80
-177 -175
-89 70
-105 -103
80 82
0 8
-121 -11
-192 30
-91 108
-67 -9
-28 48
-187 154
155 158
-57 -22
-146 -143
-89 -81
-42 -35
147 154
66 69
164 167
-79 -59
-128 -113
-79 -42
-161 -141
168 170
-9 93
154 183
-96 100
-185 -61
-65 -59
-187 -177
55 107
147 154
154 155
183 184
-35 135
-175 -48
-89 56
76 79
69 172
60 65
80 82
-8 -7
-28 -26
-98 -91
-1 0
-57 -51
163 188
-60 -45
-138 -9
-171 -6
-13 75
-69 166
-189 158
184 186
-94 175
60 65
-100 -98
-128 -113
-26 82
80 82
85 128
136 137
158 164
-48 -47
-192 183
-59 -57
-143 15
-52 173
-128 57
5 67
182 183
158 164
119 159
136 137
7 158
80 82
-146 -143
-111 175
135 161
70 87
-19 -18
-91 -8
-71 -39
-9 -8
-42 -35
48 55
137 145
82 85
-105 -103
-59 82
-137 197
76 79
-177 -59
-31 -19
138 154
-47 -42
-197 23
33 48
158 164
-105 -103
-93 36
-129 26
0 164
155 158
60 65
-100 167
178 180
-59 -57
-48 -7
55 81
-29 -28
-42 -35
-8 -7
25 55
-142 28
82 171
-67 145
-57 128
-103 -100
-193 -129
66 67
-133 187
147 154
-161 80
55 56
-138 115
-18 -13
-95 139
-7 -1
-193 -133
85 128
0 82
-13 21
186 192
-129 29
-166 55
136 137
-158 -157
-64 100
-193 -192
11 164
82 85
-193 -192
-42 -35
167 168
-1 0
-35 -29
-181 -146
167 168
136 137
-128 -113
111 169
48 55
117 120
80 82
-186 -52
-28 -26
186 192
-157 -146
56 57
-146 133
173 193
-86 171
154 155
-172 -132
-138 -127
0 8
-113 -71
-49 150
-7 40
-125 -69
-161 -158
-97 -47
40 145
-9 -8
167 168
-89 -81
-51 -48
66 69
-18 -13
-161 -37
110 154
165 188
-91 -89
183 184
-81 -69
-187 -177
-197 -193
-146 -132
24 133
-140 -19
-103 -100
-29 -28
-91 -89
-70 -25
-142 25
155 158
186 192
164 167
-28 -8
158 186
-197 -101
-47 175
-19 -18
-24 89
-146 -74
-33 57
-170 -57
175 178
-51 114
-113 170
-35 -29
164 167
-122 -29
-158 29
-138 152
-134 -59
128 129
55 158
-98 129
-187 -86
-197 26
-161 -158
-33 -26
-187 -177
-47 175
-105 -103
-89 151
65 158
-98 -91
-8 -6
145 147
-170 -114
-83 178
-187 -30
-146 -143
175 178
60 65
-128 111
-72 55
-113 -111
57 60
-143 148
-31 38
-81 -69
-193 -114
129 175
-48 -47
-86 -78
-187 101
69 73
69 182
-170 106
-100 -98
-175 135
-175 -170
23 33
-192 -187
180 182
-69 -7
73 138
155 158
-143 -142
154 155
-100 128
-26 -19
183 184
-16 -7
180 183
-98 -57
59 121
-166 -7
-182 97
-59 -57
-48 -47
-42 -26
-18 -13
-98 -91
-193 136
-75 107
76 180
-177 -175
-111 100
-162 -152
76 79
24 157
-194 55
-91 16
-138 -129
-28 -26
-47 159
135 136
-193 -163
-157 -105
-42 -35
-81 -69
-100 -51
-13 -9
-111 135
-146 -139
37 47
-128 -18
45 147
-111 57
56 82
-170 186
155 167
-158 -129
60 65
79 80
0 65
147 164
-65 -59
-51 -48
57 60
-197 106
-61 -7
-142 -138
92 175
-156 -82
-57 -51
135 136
129 135
-26 137
23 48
-69 -65
170 175
-157 140
175 178
-69 -65
-197 -157
-57 -51
-158 -157
-118 175
-113 -111
145 147
-138 -129
0 8
158 164
-7 -1
131 197
79 80
23 33
-128 179
-52 170
-161 192
-197 -193
170 180
-59 -57
12 199
56 57
-35 -29
-98 160
136 182
-182 0
-177 -175
66 69
-129 -128
85 128
-33 57
80 153
-170 -1
167 168
-19 -18
-192 -187
82 85
-187 -27
-159 25
-175 187
48 55
-48 -47
-103 -100
-105 -103
137 145
-175 -170
0 173
60 65
-177 -69
154 197
-65 128
55 56
-195 152
0 8
23 33
-89 -81
-95 -59
85 184
-111 -105
23 33
-192 -187
-157 -106
23 33
65 127
-57 -51
186 192
8 23
-105 -103
145 147
-132 78
-89 29
23 195
44 55
69 191
147 154
48 69
135 136
-72 -19
-105 -103
-59 -57
-13 -9
8 23
-19 -18
-29 -28
-135 -128
137 145
-81 -69
137 184
183 184
-28 -26
26 79
-143 -142
0 8
158 164
-169 85
-80 -35
167 168
-102 171
-103 -51
145 147
98 153
-180 164
-59 -57
-48 -47
-177 159
14 175
-111 -105
-83 47
-193 -192
48 55
55 56
-35 28
-177 -113
-186 -142
-187 -177
56 57
-9 121
-9 -8
-13 -9
-42 -9
164 167
-157 -42
-51 60
-141 129
-142 -138
-182 107
164 167
-197 186
-129 -16
57 92
168 170
129 135
-89 -59
-173 8
-192 186
82 85
-193 -192
-73 117
33 167
183 184
145 147
-143 -59
-109 -7
-187 -177
117 182
56 73
154 155
85 128
73 76
-174 154
-88 158
-146 -142
-103 36
99 115
-192 -187
-195 -148
138 141
-177 -90
-187 129
-142 33
-110 -19
-187 -177
-7 -1
92 118
-51 -48
-13 -9
-111 -106
-98 56
-105 -28
164 178
183 184
-81 -69
57 60
-138 73
57 60
183 184
-1 193
-13 -9
-142 -138
-111 -105
-138 -111
-100 -74
-28 -15
175 178
65 148
57 60
-175 -1
-128 -113
73 154
18 180
33 48
-13 128
-175 -170
8 136
-129 182
-177 -175
-12 167
135 136
158 164
164 167
184 186
-170 62
-111 60
-146 -143
-8 -7
186 192
-187 -177
-8 136
33 54
56 57
155 158
-18 -13
-86 145
167 168
-120 55
23 33
-22 147
-8 -7
-170 0
-98 -91
-89 -81
-17 57
76 170
-193 -192
-172 60
-35 47
6 83
-142 166
56 128
55 56
-192 -170
-7 -1
-175 -170
-120 -118
-8 -7
-89 -81
-18 -13
183 184
-194 -128
-47 -42
189 192
-59 -57
-146 -143
-98 -91
-18 -13
-87 6
82 85
-129 -128
-48 -47
109 184
71 145
-8 136
33 48
137 145
85 128
32 80
65 186
17 184
-161 69
-192 -136
-192 -29
-7 -1
-36 82
-59 -57
-113 -111
135 136
-146 66
182 183
-146 -59
-182 22
137 145
-26 -19
-57 23
-175 -170
-128 193
-8 -7
-181 -51
128 129
-43 50
55 56
167 168
65 66
-9 -8
-142 -69
-91 -89
-59 -57
76 79
-111 192
-76 129
69 73
-138 151
85 128
-113 -81
-143 -142
-146 -143
85 128
-148 166
66 135
-145 -113
-104 79
-129 -128
-111 -105
186 192
80 82
-105 -47
129 135
-65 55
-161 -158
-9 136
-18 -13
-197 -193
-158 135
73 136
-193 -192
-117 55
-51 -48
65 66
-118 34
19 162
-5 130
-159 -28
-13 182
129 135
154 155
37 57
183 184
-199 -47
-57 -51
147 154
33 48
-96 196
-59 -57
-43 -1
129 135
-89 -81
136 137
-67 -48
-91 -89
-93 145
60 141
-42 85
-187 -177
-1 170
-130 -65
-143 -142
55 56
-103 -100
-161 -158
-42 186
-181 -81
126 136
29 103
-48 -47
-175 -68
-111 -28
137 145
82 85
-9 -8
65 66
57 167
73 76
158 183
-122 -1
-123 -65
23 41
-65 186
183 184
79 80
-97 -69
-17 -9
8 23
-113 -111
-47 -42
-138 -57
88 192
182 183
-177 175
0 8
184 186
-2 186
-142 -138
-177 -175
-47 -42
0 93
-28 0
-57 -51
-128 -98
19 145
-106 79
-63 -42
-13 -9
168 170
178 180
-125 164
-98 -91
-142 -138
-8 -7
167 168
-100 -19
-191 136
-138 -129
-158 -103
-42 -30
-100 -98
-86 80
-47 -42
-170 -161
-122 125
167 168
-138 66
48 55
65 66
-129 -128
54 94
-26 -19
33 135
56 129
184 186
-110 144
79 80
-148 21
73 76
-186 -47
-98 79
-112 -51
8 23
-57 -51
-146 144
147 154
33 48
-81 73
-177 2
60 65
-129 77
-89 38
57 60
183 184
135 136
186 192
76 79
-157 -146
-140 79
-65 51
-8 -7
-170 -161
147 154
175 178
8 23
57 60
-192 -187
76 79
-72 118
-26 73
-103 -100
-113 -112
73 76
-158 192
-29 -9
168 170
-42 -35
-142 -105
-175 -157
73 76
184 186
-170 -161
85 128
-157 67
-159 182
136 183
-101 -81
155 158
170 175
-171 191
-26 -19
27 191
65 66
33 198
-193 -28
69 85
33 48
-10 136
-157 -146
76 79
23 84
155 158
0 8
-142 -8
65 147
170 192
0 8
-128 -113
-155 -113
-157 -91
129 135
-47 -42
-103 -26
8 23
-71 -19
-161 95
-157 -146
73 76
-110 144
80 82
-104 107
137 145
186 192
-69 -65
-177 -175
-103 -1
60 65
-69 85
-138 -21
129 135
-69 -65
-1 0
178 180
-7 -1
170 184
-8 -7
-7 -1
-163 -3
183 184
-47 -42
-101 72
-175 -174
-177 -175
-117 -91
33 48
-146 -143
-51 -48
158 164
-197 -104
-7 -1
-47 -42
-1 0
40 97
57 73
-194 -172
-51 180
73 179
-95 37
-19 -18
-89 -81
-128 -113
-91 158
-19 -18
33 48
-142 -138
-193 -192
-108 82
-19 0
-98 -91
-5 108
-100 147
-182 168
-70 -35
-193 -192
55 56
-28 -26
57 60
155 186
-193 -192
-26 -19
-157 -146
-128 -113
-19 69
176 195
9 167
-89 -13
186 192
-59 21
-142 -30
33 48
-143 76
-59 1
145 147
-174 145
-128 -113
-142 -120
155 186
-105 169
-113 -89
-142 -19
-21 48
55 56
-7 -1
66 69
-59 -57
-161 175
-157 -48
108 170
-29 55
-146 66
129 135
-125 85
-111 127
-161 -158
-69 104
-13 -9
76 79
-81 -73
147 154
57 164
170 175
-161 -112
-69 48
-103 41
-198 29
-40 -24
-193 137
180 185
168 170
0 186
-171 23
79 80
-26 -19
-1 0
101 167
-91 170
-59 -35
-91 48
-175 -112
-29 -28
-192 -1
-146 -143
-177 147
-47 -42
135 136
-125 41
-192 -170
-158 69
-192 -187
-81 180
-51 167
-37 -6
60 65
-184 -47
-100 -98
69 73
129 180
-180 -24
-74 87
60 65
-29 79
79 180
-146 -143
48 128
-36 0
154 155
141 145
-180 -89
1 69
137 145
-91 -89
-88 36
-169 -142
-47 73
-19 11
-161 -158
-111 33
-8 93
147 154
-71 8
66 69
-1 142
-31 -16
-1 0
-19 -18
-175 -170
-98 -91
-197 154
-65 187
113 159
-9 -8
48 55
23 55
-35 -29
-69 -65
136 137
-197 -188
-156 -90
-167 -47
0 175
-19 140
-146 -11
-48 -47
-13 -9
-91 73
-135 35
-143 169
170 175
-169 -8
137 145
60 65
-111 -1
-69 -65
-13 17
-59 -26
-78 -23
-52 85
76 79
-98 -91
-192 52
168 170
-35 -29
-129 -128
29 32
66 69
180 182
-18 -13
175 178
-142 175
-7 -1
-8 147
-100 -98
-169 -76
82 85
78 192
161 182
-193 -192
-19 178
-143 -81
-81 -69
60 136
-170 155
-193 -192
-81 -69
-35 -29
-9 192
-91 -89
136 137
-59 -57
48 80
-18 0
-105 -103
178 180
8 23
-158 -157
-103 -81
-197 -193
-129 39
137 145
180 182
-84 -43
33 48
57 60
-89 -81
-74 187
-193 -192
-98 -91
44 54
-193 -154
-158 -59
-35 26
60 80
123 155
55 56
-7 -1
-173 -9
-48 183
-175 153
-175 -60
-47 191
-193 -192
-129 128
-57 38
-129 -128
-158 -157
-175 -170
-80 48
-116 60
-42 0
23 33
-129 -64
-13 -9
183 184
-146 94
-59 128
-108 8
-157 -19
-128 -28
-51 -48
65 82
-94 162
-145 74
23 33
82 85
-197 -193
34 53
-175 -170
182 183
184 186
-48 -47
-113 -26
48 190
-128 29
57 60
-175 -19
136 137
-69 100
-59 -57
8 23
-48 -47
-111 -105
-26 79
175 178
-51 -48
186 192
-101 48
-129 -43
-19 -18
82 85
-157 183
25 163
-110 -13
-156 23
-35 -29
79 80
-187 -105
-51 -48
33 48
-105 -103
-186 184
-192 80
-9 -8
4 192
180 182
-39 82
-1 0
-47 85
-103 -100
-89 136
-105 -103
-192 -187
-48 8
-7 184
-8 50
-51 -48
-159 -19
-128 -113
33 48
155 158
-128 -113
-74 -8
-125 0
-47 76
-146 -81
-26 -19
65 66
85 128
-138 -29
48 73
-94 173
-128 129
80 154
-177 -147
147 154
135 151
-13 -9
171 194
85 128
-105 -103
63 129
-28 -26
136 145
-65 69
-138 -129
-1 178
76 79
-28 -13
-19 175
66 76
-7 55
65 183
-192 122
123 134
-7 -1
76 79
-146 -143
170 175
-158 153
107 122
-133 -1
-17 178
129 135
-100 -98
-60 55
-138 -129
-146 -143
0 8
-177 57
-128 -102
23 33
59 170
-89 -81
-188 -114
-157 -146
-98 186
-91 -89
-174 186
-103 -91
-138 -63
-18 -13
137 145
135 136
56 57
-81 -69
-193 -48
-100 -98
-161 -158
-129 -128
-128 -113
-98 -90
8 48
145 147
-89 -81
-59 -57
175 178
-143 116
-142 -42
-146 -143
56 57
180 182
168 170
-177 185
-18 167
-51 -48
34 45
-51 10
-197 -187
-196 156
-129 -128
61 84
73 186
-170 -161
55 56
147 154
164 167
-161 -38
-29 -28
158 164
168 170
42 50
82 85
55 56
-89 -81
158 164
-193 -192
-85 -70
80 82
178 184
186 192
60 65
-89 -81
-47 60
76 178
-103 -100
128 129
-111 -105
-170 -161
186 192
-146 82
48 55
137 145
38 55
23 33
178 180
-8 -7
-177 56
0 8
83 184
48 55
-18 166
-81 -69
-151 147
-13 -9
-59 -57
82 85
182 183
168 170
-145 123
80 82
33 48
-8 -7
-187 124
65 120
163 191
170 175
-161 -158
-129 -128
76 79
186 192
158 164
-170 167
175 178
32 168
142 155
-148 111
-100 65
79 80
-129 -128
-18 -13
158 164
23 33
23 143
-70 59
79 80
-170 -161
-111 55
-146 -143
-111 -105
-157 -146
57 66
65 136
23 33
-193 -192
66 119
-177 -175
-19 128
-84 186
-81 -69
13 161
175 178
0 8
-99 162
23 80
184 186
-5 80
-42 183
-19 101
-117 -57
-176 -19
55 56
22 39
129 147
-185 28
-111 103
56 57
-7 30
-197 -9
-123 -59
183 184
8 23
-91 -89
57 81
75 167
-35 -29
168 170
170 175
76 79
-105 -103
108 167
-8 192
20 129
-187 68
-91 183
-47 -42
-19 -18
-91 -89
76 79
80 82
65 66
-35 -29
168 170
-26 -19
-163 90
-81 -48
-8 -7
-129 79
-123 -11
170 175
8 23
-143 -58
60 65
-177 -115
186 192
-113 -111
-170 -128
76 79
69 184
-59 -57
-24 41
69 135
60 65
-187 -120
-28 -16
-184 164
-56 -27
-108 175
-95 -51
-125 -89
-57 126
69 73
-163 -157
-105 -103
-91 -89
-1 178
-108 69
-9 -8
-100 -98
-111 -52
60 186
128 129
-187 -177
-173 51
-19 -18
-42 -35
-65 -36
-59 -9
-138 -129
56 57
-197 49
79 80
-68 -28
184 186
-19 129
-19 110
-133 180
-7 -1
66 80
69 73
-1 0
-129 147
-175 -170
-170 -161
182 183
-148 -68
55 56
145 186
-28 -26
66 69
-138 -129
73 76
0 190
-138 -129
-81 182
-169 -52
-146 84
37 180
-35 158
48 73
76 79
-35 -29
178 180
-49 -7
-18 -13
-183 -165
26 184
-143 186
178 180
178 192
26 85
167 168
-197 69
135 136
-35 -29
9 186
-13 48
-151 -91
82 85
82 85
-105 -103
-29 -28
-142 -104
-42 -35
-113 118
-57 -51
-29 -28
69 73
-68 182
8 23
28 198
-32 -9
57 60
-104 122
-170 -161
54 56
-26 191
28 114
-158 180
-105 -103
164 167
-100 -14
-157 -9
-175 -170
-157 76
-142 -138
-18 -13
56 57
-175 -170
60 65
122 182
-170 128
-129 -128
170 175
145 147
135 136
-177 -175
-113 -36
-42 56
-111 164
-57 -51
73 76
175 178
-161 -158
-193 -192
-81 87
-111 -25
-170 118
-81 -10
-128 -113
-104 135
60 65
-100 -98
-65 12
48 55
-83 -71
27 48
-7 192
-59 168
158 164
-196 179
-7 79
-89 38
8 106
-142 -138
170 175
-23 27
-143 0
8 23
-107 85
-175 -103
54 66
-138 -129
-165 169
-187 129
137 145
-133 74
-175 -170
-59 -57
-162 44
-1 175
79 99
167 168
-59 42
183 184
-170 187
-157 -146
32 182
-131 104
-143 -142
-59 -57
65 180
15 102
-42 103
-146 182
-13 -9
-180 -35
-157 -146
55 56
-118 -54
144 155
-91 -89
-29 -28
-128 60
0 112
158 164
8 23
-57 -51
-91 -89
60 79
-105 -103
128 129
80 82
-7 -1
-157 125
-57 -29
-118 -48
82 85
-127 140
-169 -45
180 182
57 60
170 175
167 168
-148 172
145 147
183 184
147 154
79 181
-142 -138
-98 -69
-28 -26
-196 -158
-143 23
-29 -28
-109 -15
-98 -91
73 76
145 147
33 48
-187 -177
-151 184
-157 -146
129 164
0 154
-198 151
-7 -1
-151 30
-138 -129
-105 -103
-113 -10
-129 199
178 180
59 135
-35 71
-65 -59
-157 -146
0 183
-13 -9
56 57
128 129
0 8
-8 -7
-142 -19
-9 82
56 57
-29 -28
132 158
-142 -138
-113 -69
19 89
60 187
-7 164
130 134
-47 -42
-138 -103
-9 -8
65 133
-128 -113
79 80
80 82
-146 -143
-195 -128
-9 56
-13 38
-157 129
-1 69
158 164
33 136
-98 178
-48 -13
-158 -18
-100 -98
-57 -51
-19 -18
18 186
-193 -170
154 199
0 134
-142 192
-120 57
178 180
-47 -42
129 135
-157 -146
-197 -193
0 8
-48 -47
-102 -98
136 147
69 73
-28 8
-157 120
69 73
186 192
-111 76
-111 84
136 137
163 178
-162 -98
182 183
-29 -28
-91 -89
-146 -69
180 182
-65 55
-105 169
-98 77
65 66
-1 0
136 192
154 155
-35 -29
-155 -145
-13 -9
145 147
-187 -177
-23 41
184 186
-29 -28
-135 -53
-170 -161
-112 -7
66 107
-193 -182
0 7
-69 -65
60 65
-83 82
76 145
-158 -157
-42 -13
182 183
69 183
76 79
-177 -175
51 137
-175 42
-192 101
-41 57
158 164
-42 -35
-22 18
-35 88
-91 -89
155 158
167 168
-170 173
-29 -28
23 33
-158 -28
-100 -98
-103 -47
-157 149
29 164
76 79
-62 -47
137 145
-98 65
-193 -94
184 186
-170 100
8 23
115 184
-59 -57
-146 -100
-175 -170
-135 137
-69 -65
-10 128
8 23
-46 76
-160 -7
-157 8
137 145
33 147
-129 -128
-57 47
-142 -138
-110 -59
-18 -13
129 135
-48 -47
-69 -65
-98 145
-138 164
-89 -81
66 96
-138 -129
-163 8
63 176
-170 69
-160 -89
82 159
-175 -170
-42 186
-157 -146
-8 0
65 66
-69 73
-38 39
-81 -29
48 55
-91 -89
23 33
-158 185
129 135
137 145
-142 -138
55 105
-81 66
-47 164
-165 -40
154 155
-113 -8
80 94
-72 82
85 128
-9 145
-29 -28
-57 -51
55 56
-113 -111
-175 -170
-193 -192
183 184
-69 73
137 145
57 129
-177 -175
-187 137
-158 -157
-143 -142
145 147
-155 -65
-103 -85
-142 -138
-152 195
-18 -13
50 125
-71 165
-193 -192
-187 99
178 180
-134 -27
48 65
-146 -42
-105 -103
-105 -103
-136 145
-129 -128
-26 68
183 184
60 65
-177 -175
-181 8
73 76
-39 26
-132 61
-18 -13
152 186
-140 -50
-170 -161
-52 79
155 158
-53 -13
-113 -111
183 184
175 178
79 155
154 155
115 135
76 79
-29 -28
-13 -9
-142 -138
-136 99
-176 57
167 168
69 107
-177 -175
-111 -105
-193 -192
-197 -193
73 76
183 184
-89 -57
-1 0
-50 136
35 135
-111 -105
73 76
-65 -59
-196 -26
-69 -65
158 164
-193 193
-117 155
-197 -193
-89 167
-154 66
-113 -111
-161 -26
-42 -35
-54 51
85 128
56 57
-111 -105
-98 -91
182 183
82 85
-129 -128
-142 -29
82 85
-79 -13
-35 136
57 60
180 192
-170 8
-132 -89
-48 192
-177 -70
-197 76
-69 -65
-16 136
-51 -48
-9 96
175 178
-130 55
-13 -9
-168 -31
178 180
-42 -35
-19 135
3 154
136 137
-149 65
76 79
82 85
147 154
-91 -89
25 88
-111 -8
-142 -138
48 171
-165 188
-129 0
12 170
64 147
180 182
-48 -47
-114 178
-178 170
-136 -91
-7 -1
-161 -158
-161 -158
-57 -51
-91 -89
23 33
73 76
-59 129
-180 23
-1 0
57 60
-29 -28
-111 195
-18 -13
-91 42
168 170
76 79
-142 -138
-54 33
-81 71
-193 -192
182 183
183 184
56 57
164 167
-161 -47
-29 -28
155 158
136 137
180 182
-146 -143
136 137
128 129
-160 2
14 76
85 128
-129 85
11 16
-143 -142
128 129
-110 136
158 164
8 182
56 57
158 164
155 158
62 73
0 8
0 92
-107 79
-170 -103
158 164
-91 -89
182 183
178 180
-105 -103
-44 147
-198 114
-7 -1
128 129
-79 8
-138 -129
175 178
-35 -29
-113 173
-28 158
-146 -15
48 55
-170 -161
-75 -7
23 33
6 147
79 80
183 184
-174 -33
-65 -59
73 76
10 135
79 80
48 74
0 175
-197 -6
-13 77
136 137
-157 -100
85 128
164 167
0 8
-146 -143
56 57
-1 0
-98 -15
-47 -42
-43 52
-105 -103
65 73
-138 -129
117 145
-42 136
-46 55
66 69
-57 62
-9 -8
-158 -157
-197 -143
135 182
-158 -52
-158 -157
-175 -170
-98 -91
-42 -35
-175 -170
-91 175
8 23
175 178
147 154
158 164
-47 -42
-1 0
8 137
76 79
-175 149
-100 -98
-161 67
-158 -157
-81 180
183 184
-18 -1
-13 -9
56 65
178 180
-13 55
-194 -46
-91 -89
-19 -18
66 69
-143 -57
-158 85
-90 145
-72 -29
96 182
-187 -177
-158 -63
-177 17
-35 -30
-161 -158
-175 152
117 163
-98 -66
-175 -108
-57 -51
-75 140
-111 -105
-13 56
-100 129
-13 -9
-138 -129
-130 -105
85 128
-103 -7
-42 -35
136 137
-9 -8
-29 -28
-187 -140
-13 65
-100 -59
-30 162
184 186
-1 0
-129 -128
82 85
-142 -138
-197 186
-183 136
-65 114
-26 33
-43 167
182 183
106 165
-193 -192
-181 67
56 57
-175 -129
-57 -51
-13 -9
158 164
-142 -138
-187 -9
-185 -161
-91 -89
145 147
178 180
-18 -13
7 93
-28 -26
129 135
82 85
-145 11
-81 -69
186 192
56 57
-129 -128
-29 -28
-113 -93
5 197
-164 -48
164 167
-91 -42
76 167
-98 21
-47 -42
-57 -51
-157 48
-51 -48
69 73
-26 -19
-140 61
142 178
-129 -128
104 186
-35 182
-91 -89
136 147
-177 129
168 192
-60 65
155 158
60 128
-157 54
-199 168
134 137
57 73
-19 -18
-158 -157
-35 56
-103 -100
-157 -48
136 137
182 183
8 23
33 182
-138 -60
178 180
-187 145
80 82
-100 -47
-48 -47
73 76
69 73
27 65
-100 -98
65 66
-110 -105
-193 -192
-157 -146
145 147
13 79
-26 49
-193 48
57 60
-1 0
136 167
135 167
-1 0
-27 83
147 168
-69 -65
104 186
-161 183
53 132
-105 12
-47 -42
-91 -13
-187 -177
155 158
137 145
170 175
-197 -193
-47 -42
-89 -81
73 76
136 137
8 80
-57 -24
158 164
-111 7
-197 -156
-67 137
-90 145
182 183
0 8
-128 -113
-98 -91
-59 168
170 175
-29 -28
-158 154
-177 -54
-7 94
-57 -51
-18 -13
-79 65
-48 75
164 167
153 198
-51 -20
53 184
-176 34
-81 -69
-128 174
-59 -57
82 85
183 184
-113 167
-113 -111
-177 65
136 137
49 131
-143 -142
-159 31
-47 -42
-138 -129
-177 -175
-97 -52
-161 -158
-164 1
175 178
-111 -105
66 72
-127 82
82 85
-51 57
-187 -177
-8 -7
137 145
155 158
170 175
82 85
-172 -59
69 73
-29 -28
-81 -69
-158 156
-113 -111
-129 -128
-130 122
-18 -13
-81 -69
0 8
-100 -98
62 73
-8 135
27 175
-105 139
-130 99
-113 -111
73 83
-81 -69
164 167
-103 168
-47 42
178 180
-116 111
-100 -10
-170 -161
-177 79
-81 -69
136 137
-19 -18
73 76
-197 -193
-29 -28
-28 48
-187 -177
-18 -13
-48 -47
-26 -19
-171 -28
-121 48
-69 38
-134 -9
55 56
129 135
-26 -19
-59 -57
158 184
-128 16
-111 -47
-143 -142
-14 3
-18 94
-47 -42
97 108
-129 -128
-197 -193
-28 0
-129 -47
-143 -142
129 135
-157 -102
-95 56
-58 -13
65 170
-177 -8
8 23
-19 140
132 178
-46 183
180 182
-187 137
112 167
-105 111
-187 -177
-51 154
-42 -35
61 153
-26 125
186 192
85 128
-65 -59
54 168
170 175
128 129
-7 -1
128 129
-146 147
-189 -29
-28 -26
82 85
-129 -128
-170 -161
55 66
-42 -35
-161 176
-51 -48
-105 172
137 145
-18 81
135 136
-177 155
85 128
48 55
-146 178
98 195
-161 184
-128 24
79 80
154 155
18 80
-1 55
-103 76
65 128
-170 65
-29 33
-129 -128
-161 -52
-146 -143
73 76
-13 180
-45 8
23 79
-102 128
82 85
46 135
-51 -48
-187 -177
56 57
-35 -29
-136 91
-142 80
-36 167
-59 -57
168 170
-19 154
-168 167
-61 -8
-26 175
-176 -12
-7 -1
-197 176
-151 -13
167 168
-146 -128
-26 187
33 48
-38 73
136 137
-171 76
-175 -57
194 197
-91 -89
-51 -48
-143 -3
-9 -8
-170 23
-170 -161
-35 -29
0 8
79 80
137 145
170 175
60 182
-19 -18
167 168
0 51
-59 -57
-7 90
-129 6
-168 8
80 82
9 69
-1 155
65 66
-113 -111
-51 -48
60 65
-69 -65
-158 129
-9 -8
-49 57
136 137
-165 79
-50 154
-187 39
-186 -86
-103 -57
23 170
-158 -20
-192 -63
68 137
-81 -45
-146 -91
-146 -91
-153 -131
-146 -143
-29 -28
180 182
167 168
-177 183
-1 0
-113 180
48 55
-128 -113
76 92
-138 -125
-138 142
-47 145
76 79
-69 17
-146 182
-4 168
-142 80
-128 -113
-47 -42
70 145
-187 -177
82 85
-13 -9
-143 -142
-197 -193
-100 -98
154 155
-193 -192
-157 -7
-89 -82
-81 80
-158 173
-129 -128
57 175
-113 -111
74 184
-138 -129
-161 -158
-100 -98
186 192
60 65
-146 -143
-81 178
-193 -128
147 154
76 79
-161 -158
170 175
80 186
-48 148
56 57
-65 38
33 48
-29 -28
-98 147
-158 -83
-51 -48
137 145
-129 -128
186 192
-161 -158
-72 29
-100 -98
178 180
154 155
-7 -1
129 135
-91 -89
-19 -18
-18 56
-29 -28
-100 82
-158 -69
-40 123
-111 -105
-187 -49
-192 -187
-9 -8
-111 -105
-122 2
135 136
-170 -161
-128 55
-177 -171
79 80
180 182
129 135
-143 -142
23 33
147 175
0 8
7 14
183 184
57 137
-20 129
69 76
-56 0
-142 -138
-98 79
129 152
69 73
-129 -39
27 156
-51 -48
-98 -23
-81 -29
-171 -42
-18 -13
170 175
46 135
-197 -193
167 168
23 33
-174 76
-26 -19
-18 77
-133 -71
-146 -143
-99 65
135 136
-148 -18
36 154
73 76
-48 -19
-98 15
-7 -1
-45 -7
-26 -19
-81 -69
135 136
-13 116
-7 -1
-146 -126
85 128
-143 -142
128 129
-28 -26
-130 -1
-9 67
-187 144
-143 184
-83 82
-107 153
-91 -89
-103 71
-184 -48
-81 -69
-157 -124
175 178
73 76
-65 -59
-57 -51
-113 -106
155 158
-118 136
73 76
184 195
-111 -103
8 23
-100 193
128 129
-113 -111
-177 -137
-29 -28
178 180
-105 -103
-192 -187
-193 -192
-151 -146
155 158
135 136
-18 1
-175 -170
-129 -17
-192 -161
-143 -51
-160 -158
-79 170
-187 103
29 135
60 65
-193 161
-28 0
-128 -113
-140 -77
-187 -177
76 79
-18 -13
135 158
-172 -98
66 69
149 182
8 50
-197 -193
-182 46
-20 -7
-161 176
145 147
-158 -157
-13 5
13 65
-105 -103
85 128
-170 -19
152 154
-18 -13
-128 178
170 178
-13 -9
-193 128
73 166
135 136
-59 -57
-175 11
-163 42
-8 158
-140 -120
85 136
4 164
-8 -7
154 155
-166 -162
-158 -157
-175 -57
-42 -35
56 57
-56 -7
-129 -80
-175 -170
-59 -56
145 171
47 65
-101 19
-103 -100
136 168
168 170
-90 186
60 65
57 155
-57 -51
22 169
-192 188
-64 -57
178 182
-142 -138
-138 78
145 147
-7 -1
63 118
115 129
65 66
66 69
10 66
-170 -161
-111 -105
135 136
147 154
-177 -175
-130 164
56 57
-19 -18
-65 127
-13 -9
-91 -18
-187 -177
-142 180
-76 114
-187 -177
-105 118
167 168
-48 -47
25 152
80 82
168 170
-18 192
-150 -81
0 8
-98 -28
8 23
163 167
-47 -42
9 192
-111 -105
-18 168
-65 -59
-18 -13
-48 136
-31 -7
-1 168
-100 181
80 82
-42 111
178 180
-112 -8
155 158
-158 -136
-81 -62
-177 -104
-8 -7
182 183
-113 -28
128 129
-57 -51
76 79
178 180
180 182
-138 -68
82 137
57 87
137 145
-197 23
-149 154
-165 -143
82 89
158 164
-182 -35
47 80
-170 -165
-8 14
-177 -5
-8 -7
79 80
-65 19
186 192
-18 -13
-147 8
-157 178
-168 -47
-175 -170
76 186
55 56
182 183
164 167
-124 127
136 137
147 154
-29 21
-1 0
-143 -142
69 171
-16 4
-28 0
186 192
-51 -48
-29 -28
73 147
-81 -69
164 167
56 57
-55 186
-177 -175
76 79
-59 74
65 170
-81 -69
-69 -65
33 48
186 192
101 178
-13 75
155 192
-100 128
-25 29
59 82
-177 57
-8 -7
-170 -140
-8 127
-65 -59
-161 16
-146 -143
66 69
-118 -28
164 167
-187 112
180 182
-180 -161
-158 -157
66 69
60 65
-187 -81
-157 -105
184 186
-65 -52
-193 -192
85 128
8 154
-57 142
-193 -192
-128 -46
-18 48
178 186
56 57
167 168
60 65
-142 -138
-95 73
-105 -103
-84 -35
-146 102
-105 -103
-26 -19
-28 -26
-65 -59
-167 66
150 158
-125 145
-42 -35
-113 8
167 168
79 80
54 152
-1 20
57 60
-146 -106
158 164
-19 -18
-160 48
-81 -69
-129 -113
8 23
-29 -28
-170 -23
-182 28
182 183
131 158
69 73
155 158
-146 -143
-197 -193
182 183
-183 125
147 154
-91 -89
-170 -161
-91 -89
-77 106
182 183
8 23
-76 172
-177 -81
85 128
-187 55
-143 -142
-42 -35
56 57
135 136
-47 -42
-98 23
-18 -13
-111 -105
82 168
-89 -81
-111 -105
-182 -7
57 168
-175 80
180 182
-158 -157
-29 39
-161 27
-157 101
-1 80
-119 -109
-188 -135
55 56
19 60
-158 -157
-19 -18
-193 105
-18 -13
-35 33
-9 158
60 65
145 178
-158 -157
184 186
170 183
165 174
170 175
0 8
-59 167
-170 137
56 57
-59 160
-59 -24
20 186
-26 -19
48 55
154 155
85 128
-185 51
-51 84
-7 -1
-81 108
-161 -157
-2 90
55 56
-177 -175
-128 107
-113 -111
-9 -8
167 175
-18 148
-42 -35
-91 -89
-4 199
-98 184
-8 60
-193 -167
-28 -26
65 66
135 136
-128 -113
60 175
48 148
-128 -113
-105 -103
-146 -81
63 92
-136 -126
-170 -153
112 130
65 66
-193 -97
186 192
-26 -19
60 65
-192 -187
-8 -7
-175 -170
-192 -187
-158 -157
-177 -175
-189 168
184 186
178 180
-59 -57
23 33
-143 -5
-174 65
-100 111
-77 -7
-103 -65
-91 91
-107 -1
0 8
168 170
-177 -10
167 168
136 137
-78 -65
-59 -57
33 102
-69 148
-9 -8
-158 -111
-131 -42
54 79
82 85
-192 35
182 183
-2 184
147 154
152 182
-97 180
-38 76
-143 -142
8 23
8 23
-129 -91
-42 53
-91 -89
-113 -111
-7 108
164 167
147 154
5 135
-59 -57
-158 126
-76 -8
60 65
145 147
-143 155
104 170
183 184
-157 -99
65 66
-20 105
-29 -28
-28 55
-103 33
-91 -89
-161 -158
186 192
-170 -161
129 135
-80 48
178 180
-26 -19
-47 -42
-35 -29
-59 -57
-52 33
-129 -128
178 180
-177 164
154 155
137 145
79 80
-125 -100
-138 -129
-177 -175
-192 184
-197 -193
-9 135
-161 -158
164 167
-28 -26
-98 -91
11 158
-15 122
164 167
-193 89
-142 153
60 158
-143 168
65 66
-142 110
186 192
147 154
-100 -98
-146 -143
-165 -42
-7 -1
-161 -158
186 192
129 135
33 48
89 128
-157 -146
-35 85
0 8
-18 183
-60 135
178 180
-62 167
85 166
-175 -170
-91 -73
186 192
-129 175
68 114
-69 76
-171 172
183 184
-79 121
-42 -35
-7 -1
-143 144
-18 -13
33 48
69 73
-158 -48
-69 -65
-130 56
21 31
-27 32
-33 16
-4 62
-103 -100
-59 -57
170 175
-51 -48
109 136
-51 -48
136 137
-78 136
135 136
-57 -51
-1 0
-132 73
55 56
-69 181
-175 -170
57 60
95 158
-187 -177
-161 -158
-100 -98
-177 -175
182 183
76 184
-111 -105
-98 -91
-86 16
-7 33
-170 137
135 136
-29 -28
79 80
-111 136
80 82
-157 -33
-65 -59
-48 8
11 66
57 60
-91 -89
-53 -28
82 85
-34 1
-197 -193
8 23
155 158
55 195
-29 -28
-142 -138
-146 -143
128 129
69 73
-128 -113
-197 -193
-91 -89
23 51
-48 2
-18 -13
-144 -128
-177 69
-89 -81
184 186
47 64
-55 95
167 168
65 66
-54 -34
-7 -1
-91 186
129 135
-146 -143
-175 11
-146 -143
-91 -89
-91 73
-192 68
-166 136
-42 140
79 80
-116 25
-161 -158
-158 196
-157 -146
-69 -65
-69 -65
23 33
-48 75
145 147
-89 175
60 65
-129 -128
-18 -13
85 168
-158 -157
-48 -47
4 174
-26 -19
-123 -9
-98 -91
-86 145
-187 135
-111 -100
-31 69
-129 -91
-197 -26
33 144
23 33
-170 -161
55 56
-102 -89
65 66
-128 -113
-111 -56
-19 -18
-19 -18
136 137
-57 -51
80 82
-51 81
80 82
170 175
164 167
-193 102
-43 0
-81 -69
-65 -59
-193 60
-105 -103
155 158
184 186
-26 32
69 73
-7 -1
76 167
-26 -1
-109 83
-69 -65
-26 150
-51 11
-19 -18
-23 137
-59 -57
-128 186
-26 -19
0 163
23 80
56 57
-1 0
-100 177
-47 184
-51 -48
-129 155
-182 115
155 158
-42 -35
85 128
-179 30
-90 133
80 183
-193 129
128 129
-142 -138
82 85
-107 128
-8 -7
-47 -42
-18 -13
-8 -1
-179 -26
-50 127
-157 -146
82 85
39 105
-133 170
-157 66
56 57
91 124
-100 -98
-168 -91
-183 198
-52 28
61 179
-187 -177
183 184
-111 -105
29 167
106 192
65 66
-95 2
-182 -8
-170 -161
155 158
76 79
66 192
-170 60
-129 -29
8 23
-81 -69
-170 -161
-175 -43
-158 96
-57 184
79 80
-4 153
-65 10
79 80
145 168
-9 164
178 180
-48 -47
23 33
58 99
-138 182
23 180
-69 -65
-7 -1
-51 -48
66 69
-91 -89
108 168
-29 -28
94 158
57 60
85 128
-28 -26
-8 -7
82 85
5 56
42 48
80 82
-142 -138
155 158
129 136
-190 136
-81 135
178 180
-42 -35
168 170
147 154
-22 128
-42 168
-128 -113
-142 135
-142 -113
85 128
-175 -170
-2 108
79 80
-177 168
154 155
-7 -1
76 79
-177 -156
56 57
-192 -187
-125 85
-98 -91
175 178
-32 81
-161 -158
-35 -29
-9 -8
136 186
-170 -161
-132 -51
31 184
-47 -42
-16 22
-187 -177
-128 -105
-142 -138
129 135
-28 167
-18 60
-100 -98
-142 127
110 170
-65 -59
-161 -158
180 182
136 144
-8 -7
-51 -48
-38 139
82 85
137 145
-98 50
-68 -59
-35 71
-8 -7
-128 46
137 145
135 136
-91 -89
180 182
-138 -129
58 182
76 79
-8 -7
80 108
-177 -175
-126 192
-42 -35
-105 -103
-89 -81
0 8
-9 -8
49 137
85 128
-9 -1
82 197
-129 -51
-175 -170
-95 -9
128 129
-29 -28
85 128
-170 74
73 105
-57 101
-91 183
180 182
-143 -142
44 76
-98 -2
-111 -105
-192 -187
-188 -69
-170 -76
-128 -113
-55 -39
-146 105
135 136
-177 66
-69 -35
10 156
-20 183
-88 3
-30 -28
82 85
-103 87
-111 60
-35 0
-161 -19
-197 -193
168 170
-51 -48
-48 -47
-116 -47
-28 57
-113 -111
85 128
-48 -47
-47 147
-139 73
-123 119
-146 -126
183 184
-192 8
38 83
-143 -65
80 175
-165 55
186 192
-175 -17
-192 -187
-51 145
-28 -26
-175 69
-160 -42
60 65
-146 17
65 128
-197 74
-146 -143
178 180
-59 -52
-167 147
145 147
-186 133
164 167
-48 -47
-194 26
-57 -51
186 192
129 197
-91 116
-155 -134
167 168
-65 -59
158 164
-15 2
-11 104
147 154
12 119
76 147
-19 132
155 167
79 80
178 180
-35 -29
73 76
129 154
85 128
-197 -193
175 178
-111 48
0 147
-59 30
-97 73
128 129
-161 -158
-128 -113
-170 8
-142 -137
79 80
183 184
-113 -111
-65 0
-28 -26
137 145
-59 -57
-13 -9
-32 8
135 136
-113 -28
147 154
-19 -18
-69 55
76 79
73 76
168 170
-47 -42
168 170
29 188
-107 -70
-91 -89
-18 -13
69 73
-197 -193
-13 -9
33 48
-177 -175
135 158
-143 129
-103 128
-197 -26
8 23
-1 182
33 85
-143 86
-100 184
-111 136
129 135
-105 -103
23 139
164 167
178 180
-129 -113
186 192
73 76
-187 -177
-2 181
-163 59
168 170
-192 -143
-100 -44
-35 168
69 73
-197 -193
-99 -59
-142 -79
-19 -18
-28 -26
55 56
-143 -142
129 135
-187 168
-57 158
-197 -110
-126 -8
-146 -143
65 128
-164 73
136 137
0 8
-187 -177
79 80
145 147
82 85
-126 21
-65 143
-9 -8
111 131
-145 197
-98 -91
-29 -28
-59 -57
-81 147
-174 85
56 80
34 147
-161 80
158 164
-19 -18
60 182
-9 -8
158 164
-11 90
-29 -28
-157 -146
-144 56
-188 -88
-59 -47
-158 -157
-193 -147
-91 -19
-100 -98
-162 0
-129 151
-187 -138
-193 -57
90 137
-8 -7
-128 -113
-8 194
-111 67
-1 0
-29 -28
-13 -9
-9 -8
-64 172
145 147
183 184
60 65
-193 -192
155 158
-18 -13
-184 -31
33 48
79 186
-138 -99
170 183
-29 -1
-82 65
170 175
-105 -6
-47 -13
-185 -72
-9 -8
23 33
56 57
-179 -105
164 168
-9 49
33 48
-175 -170
182 183
-189 -162
-8 154
-138 -129
-170 -161
-65 60
-65 -59
-59 79
-170 -111
-180 -81
55 56
-51 -48
-195 75
57 60
175 178
-26 -19
-103 -100
128 129
85 128
-177 -175
-65 83
-142 -138
-170 -161
-141 76
-18 -13
-138 91
-178 190
-51 61
136 137
178 180
180 182
-45 55
54 137
56 57
-142 -138
3 23
80 98
-105 2
-170 -161
-105 -103
-65 -5
-158 -157
-182 136
119 187
-57 -51
-114 66
170 175
-113 -111
168 170
-130 -27
-143 79
175 178
-11 115
180 182
-89 -81
-8 -7
0 8
79 180
-187 -28
-113 -111
-83 142
-100 -98
-19 -18
-161 -103
-15 82
-17 128
-69 -65
-143 -142
-65 -59
-140 22
-111 -105
76 82
-150 -7
-35 -29
129 155
147 154
-91 -89
60 65
-177 -175
-195 145
-157 167
80 82
-192 140
-157 60
-113 196
-167 129
-182 -111
-15 153
-171 -13
-193 2
-142 -138
60 65
147 154
-175 -170
175 191
128 129
-98 -91
-193 -192
-130 17
-175 -170
-42 -35
66 69
-175 109
-83 -48
155 158
-59 135
-98 -91
-167 67
-113 -111
-28 154
69 73
-193 -105
48 55
-142 -138
175 178
-57 -51
-81 -69
-113 -111
80 82
-49 167
-57 192
-120 10
135 136
145 147
-98 -91
-111 79
-138 -129
-175 -170
135 136
0 8
-27 65
73 149
184 186
-138 -100
-111 -105
23 179
-129 -128
-103 -100
-103 -100
-19 -18
-35 154
135 158
-135 0
-129 167
57 60
136 137
-157 -142
-1 0
-146 -143
82 93
73 76
-69 -65
-56 69
-1 0
-7 -1
82 85
-48 -47
-26 55
0 8
-161 18
-149 156
66 69
48 55
-177 34
-147 -38
-169 -48
170 175
-143 4
-161 -158
-175 -170
-11 32
-111 -105
-124 170
-193 -150
-81 -35
-187 -177
-105 79
-143 -142
56 60
-26 -19
-18 -13
-143 -6
-187 -177
-157 -146
-13 33
73 76
-111 -105
57 167
-193 -192
-195 -28
-192 -142
-51 -48
-65 132
-172 8
184 186
116 136
-129 97
8 23
-103 -39
65 66
-7 -1
-138 -129
-113 -111
-107 -83
168 170
66 69
-158 47
-143 35
-7 -1
-195 -9
79 80
-26 -19
184 193
182 183
-177 -175
56 57
-193 129
147 154
158 164
85 128
-168 66
-194 48
73 76
-158 -69
-57 48
-1 7
-188 -18
-131 -111
-8 137
-111 170
-19 -18
1 82
167 168
-76 145
-28 98
-172 60
-89 -81
4 186
145 147
85 128
-98 23
-35 -19
-13 -9
129 147
-138 78
-170 -161
175 178
-7 -1
-161 -158
170 175
168 170
-100 128
-105 -103
-89 -29
154 184
-105 69
-35 -29
-117 47
-157 -146
-146 54
33 48
-177 -175
168 170
-51 196
-59 73
-177 -175
55 56
60 65
23 33
168 170
155 158
76 79
-175 -170
57 60
-192 74
-193 -13
-175 175
-28 -26
-35 -29
-91 -89
-69 128
66 69
-48 82
-95 182
-77 -1
-83 188
33 48
-19 192
-75 -37
-177 -44
-199 56
69 189
-29 -28
-158 -157
-150 147
-18 186
-83 -26
-193 -178
-77 8
14 23
73 76
-138 33
-197 -158
186 192
111 137
-27 129
-103 0
-142 -91
137 145
-9 155
155 158
158 164
-197 -193
-197 -193
68 70
-42 -35
0 23
-48 -47
65 184
-19 -18
-13 -9
-81 -69
128 129
-57 76
-138 -129
135 136
-138 -129
80 82
-157 -146
-48 178
65 66
-187 70
-51 181
60 65
165 180
85 128
-96 -28
-7 183
188 192
-168 185
170 175
-100 -98
-89 48
-192 57
-68 184
-26 -19
-163 160
6 69
-177 -175
-35 -29
66 69
154 155
-187 -51
-48 -47
-35 102
-91 -89
175 178
155 158
-89 79
60 65
186 192
-112 -82
1 160
122 180
86 169
-89 -81
-192 -187
-146 -143
147 165
-157 -146
-157 -146
-92 167
-8 -7
170 175
-78 104
-157 -146
73 89
132 178
136 137
60 135
-146 -111
158 164
-157 -35
175 178
-65 -59
-68 178
-29 137
145 147
-42 -35
-85 179
65 66
-99 -91
178 180
-158 -157
145 147
23 185
-178 -124
56 192
-8 -7
76 79
-193 -192
-29 66
-103 186
129 135
170 175
158 183
-9 -8
-111 -28
-100 -18
-171 -22
129 135
-180 148
183 184
-72 158
-177 187
186 192
79 94
-18 76
-154 -129
-69 128
147 158
-194 -157
-158 168
8 23
-105 -103
-111 -98
-29 -28
-142 -138
-113 -8
-35 178
-158 135
-57 -40
76 79
-161 -91
-42 -35
180 182
128 129
-98 178
-19 8
-46 2
-26 47
73 76
135 136
170 175
-104 -100
-187 -177
0 82
-9 66
80 101
-187 -8
167 168
180 182
107 114
-91 66
-157 -146
79 80
-138 -129
-108 -86
-175 23
-98 150
-9 -8
48 55
-74 -28
73 76
-57 167
-1 0
170 175
-142 -138
-187 -177
-94 -69
-80 76
-61 -7
-116 0
-193 55
8 23
129 135
-98 -68
-177 49
-177 -175
-48 -47
-146 -143
-197 -13
183 184
-48 -47
-175 -170
135 168
-29 -28
-197 -193
-47 -42
-26 11
-139 -7
-142 -138
-151 -138
-28 -26
60 194
76 79
84 160
-81 -69
-131 31
-111 -51
-47 -42
-63 -51
-189 57
-66 46
-21 128
-93 149
-157 -146
49 102
-101 56
-47 144
155 158
-51 -48
-113 139
-105 -103
66 69
-81 -17
-193 -192
-128 -113
-89 -63
-177 170
69 155
178 180
-89 108
-59 -57
-113 -111
-51 -48
104 128
65 66
-52 33
-196 -66
131 169
128 129
170 175
175 178
-175 -29
17 41
-91 192
73 168
-174 13
35 48
-59 -57
-187 143
-187 -177
-121 186
33 199
-161 -9
159 186
85 128
-18 -13
66 69
-187 -9
55 56
-158 164
-128 -113
-184 167
158 168
-138 -129
184 186
-19 -18
-82 -35
145 147
52 168
-103 -43
-166 135
33 48
155 158
167 168
-47 73
-175 -170
-65 -18
-128 -113
178 180
-7 -1
68 80
-157 69
44 123
23 66
-103 -100
-192 30
-89 2
-138 48
-177 -26
-36 175
8 23
66 192
-48 -47
23 33
-91 68
-187 160
57 60
76 79
-35 33
-81 -69
-192 23
-153 -8
-71 145
-158 -45
66 69
-51 150
73 119
69 73
-150 61
80 82
170 175
-144 -8
-115 -57
-27 131
-59 -57
56 57
-177 -143
148 164
23 33
-9 3
124 143
103 182
-35 -29
49 65
-192 -187
-28 56
-134 -52
139 182
-112 79
76 164
-146 115
48 55
44 82
-103 -100
-65 -59
-35 -29
-28 -13
-129 -128
-142 138
0 8
167 178
-13 -9
23 176
-135 57
-19 -18
-197 -193
79 137
2 186
76 79
65 66
-179 167
-28 -26
-8 -7
-129 -128
-193 -192
0 76
0 8
170 175
24 69
147 154
-42 137
184 186
-142 180
-81 32
33 48
-158 76
79 80
-118 12
158 164
-129 -128
155 178
-146 -130
48 55
-111 174
82 85
-42 -29
-198 198
-89 -81
60 128
136 156
73 76
-162 -113
-113 -111
-9 23
66 69
-158 -72
-18 -13
60 199
-194 40
-100 -98
68 73
155 178
-7 -1
0 8
-26 -19
55 155
76 79
-100 -98
33 178
-161 0
-193 79
-65 184
-167 170
30 170
80 82
33 48
-175 -170
-152 82
-111 -18
-175 -170
-118 175
-47 -42
-129 -4
-143 47
60 129
-162 -47
-93 158
-89 -81
60 65
-19 -18
183 184
155 184
-47 183
-28 79
-113 164
-193 -129
48 55
136 137
-176 -152
55 147
-111 -9
55 56
48 175
-42 -35
-103 175
175 178
85 128
-29 80
-157 -146
-91 79
82 85
0 8
-89 -65
128 129
-157 -146
-91 -89
-42 -35
-13 109
-81 -69
-69 -65
-146 123
135 136
48 55
-83 -18
136 137
34 108
-73 79
-57 -51
-91 -89
-20 151
-8 48
79 80
30 76
184 186
-139 -19
56 57
-81 33
-193 -192
0 12
80 82
-8 -7
-152 87
183 184
-1 0
-48 -47
-81 -9
-81 -26
79 80
-195 166
-22 0
-29 -28
-113 -111
23 33
3 183
-105 -103
-61 24
-103 -89
-170 0
-128 -113
-87 -28
-59 76
-157 76
-1 0
-187 82
-102 147
-56 117
-143 -142
-51 -48
-69 -65
-3 186
182 183
-144 -93
-113 -111
79 80
155 158
-128 66
155 158
-69 -28
155 158
-197 -187
-170 -95
-161 180
-8 164
5 126
158 178
-148 158
-198 -159
-182 -124
-138 -129
79 80
-13 77
-152 134
-192 -187
-102 -13
-193 147
-105 -103
-158 -157
-177 -175
-105 -103
-7 -1
-42 -26
-193 -192
164 167
95 186
-158 -157
-29 -28
-172 -30
-42 135
-184 184
-59 -57
-13 -9
57 66
95 157
-187 -177
-143 -72
-128 -100
-106 -57
-29 -28
33 48
60 65
60 65
-195 -191
-35 -29
-166 147
-48 -7
23 33
-129 -128
-113 0
48 55
-103 -81
65 154
-161 -59
33 56
56 57
-48 -47
-170 -161
65 66
56 85
0 8
-197 46
-42 -35
55 127
-26 -19
-9 -8
-114 154
-8 -7
60 65
-192 175
182 183
-9 -8
73 76
-170 -94
-105 -103
80 135
48 55
-147 -19
-19 -18
-48 73
-1 0
-5 155
-138 137
-42 -35
-188 -41
-183 57
55 56
-193 -192
-57 -51
-3 69
-171 -29
-23 -19
136 137
-125 192
-28 -26
-7 -1
-9 166
-89 -86
-65 -31
73 136
-161 -158
147 154
55 56
12 122
175 178
-195 72
-170 -161
167 168
-20 136
136 137
-148 104
-47 147
-185 -126
60 65
0 8
-15 -12
-81 -69
-34 -19
-4 145
136 154
-122 -6
-89 -85
60 136
-89 -81
-89 -81
128 129
-8 129
60 65
55 56
-91 -89
-177 -175
-119 -30
48 55
-192 -48
90 184
158 164
78 155
-8 -7
-59 57
76 82
8 143
-172 -117
0 73
-161 141
175 178
-197 -68
-187 103
-69 -65
-26 -19
-42 -35
-170 -42
55 56
-35 -8
76 79
80 82
-175 -170
-194 -128
82 85
-161 55
123 145
-157 -146
-51 -48
-65 -59
-175 85
-178 -59
182 183
-149 63
-8 -7
-88 179
33 48
-146 -143
-146 -143
-157 -146
-65 -59
-150 65
-13 80
-157 -33
-100 154
-161 -139
-29 -26
137 145
-51 169
80 82
-105 149
-42 -35
-13 178
-138 129
-142 -57
128 129
178 180
147 195
-111 75
128 184
14 167
137 145
170 175
-28 -26
-142 -138
-124 145
137 145
8 111
155 158
-175 -170
-100 -98
128 129
-105 182
155 158
-7 -1
-13 155
-192 -187
136 137
-19 165
76 79
155 158
-65 -59
-157 -146
21 57
-28 -13
65 197
-142 76
-9 -7
-143 -142
-51 56
-158 -157
-47 79
0 83
-8 73
-81 -29
-157 -146
184 186
-42 -35
-197 -193
-52 70
22 56
-171 -98
-28 193
55 56
-29 178
-113 -111
-158 -157
-103 -100
-193 -192
-128 8
66 69
-175 -87
-175 -157
-100 0
-111 -105
137 145
186 192
184 186
-38 157
39 80
-111 -105
-90 59
66 181
-138 118
-113 -111
23 33
8 175
168 170
-18 -13
-168 -47
-18 -13
80 168
-170 -103
158 164
104 192
-59 184
73 148
-48 -47
-35 73
165 192
-65 154
0 8
-129 -128
158 164
-128 65
154 155
-47 -42
-98 -91
-123 60
-143 -34
-19 51
-26 154
-128 -113
128 129
-150 -98
-138 43
-122 175
-18 186
-193 -192
135 171
0 8
-158 -65
170 175
-70 -65
137 145
-138 -129
-59 -57
-161 -158
-9 -8
-7 -1
-51 137
-8 -7
73 186
-47 22
-158 -13
180 182
136 137
-24 158
-89 -81
-59 -42
-83 76
-69 -65
-18 -13
-134 -91
-177 -142
167 168
64 184
-89 -81
0 15
-105 -87
-44 76
-161 -158
48 55
-70 -18
-25 0
-197 -185
-189 186
-193 -192
-138 -129
-161 -158
-1 178
135 156
33 154
-13 -9
-160 58
-76 188
-47 -42
-177 -175
55 56
-57 -51
-187 -177
100 182
69 73
120 168
-156 -111
175 178
-129 -128
-170 -81
-197 -193
82 85
130 180
-42 -35
-65 -21
-47 186
-13 -9
-118 76
135 136
-180 -135
-9 -8
-197 -193
-157 -135
-42 80
-28 -13
167 182
-160 -10
-176 -40
-35 0
-192 -187
-197 -193
-170 -59
-18 157
-128 158
-187 79
135 136
33 96
-21 0
60 111
-175 193
-8 145
-8 -7
-35 199
-198 170
-175 -168
-57 6
33 175
-182 122
-124 104
-157 -146
145 181
180 182
-175 184
-193 69
-113 145
-100 195
60 80
170 175
170 175
-177 -103
68 73
-29 -28
-142 -138
-158 65
105 140
-168 -9
-1 0
-197 -193
-138 -98
64 158
183 184
33 48
-35 -29
68 93
-82 145
48 55
-51 129
170 175
158 164
168 173
-172 -129
85 128
135 136
89 158
80 82
-100 -98
-129 -128
73 184
-98 30
-177 -175
-161 -158
57 60
184 186
128 129
-142 48
-183 85
-10 62
85 128
-89 80
-81 -69
-35 -2
-42 -35
-26 -8
66 69
137 145
-111 145
68 91
8 66
23 33
-107 77
184 185
0 8
0 8
79 182
-35 -29
80 82
73 129
-24 21
-81 -69
-158 -157
23 192
-19 48
-127 186
57 60
80 82
65 137
178 180
-192 -187
-98 -91
-161 -111
-129 -128
-9 -8
72 76
-113 -15
-170 -161
57 168
65 66
-158 -157
-42 65
136 137
-6 47
-193 78
-129 -128
-161 -158
167 168
167 168
-184 192
-181 180
80 82
95 137
-89 -81
-54 54
-77 -15
-69 -57
48 55
-177 -175
-41 170
164 167
-175 122
183 184
-197 -20
-71 88
-88 60
58 129
-113 -111
-113 -15
-143 145
33 69
57 60
-1 195
-143 168
-98 -53
-187 135
-138 -129
-197 -98
154 155
58 145
-157 -146
-68 -59
69 82
-157 -18
13 73
53 84
-59 -57
170 175
-113 -111
87 138
-146 -143
-42 -35
-7 -1
8 23
135 136
-18 -13
-51 -48
-105 -6
-29 -28
-9 -8
-158 -28
-193 -192
0 57
-42 124
-51 171
-81 -69
-175 -170
-69 -65
55 56
-19 -18
128 129
-91 -57
85 128
175 178
96 155
-197 155
-177 -79
158 164
-137 -129
-143 -142
158 164
-146 56
-157 -146
-18 168
80 180
-66 -49
97 151
137 145
-138 -100
128 129
-51 -48
57 150
-69 -65
-170 -74
57 60
8 23
-19 -18
-153 8
-142 -138
-105 -103
-113 -89
-161 183
-148 155
55 56
8 27
128 129
180 182
48 186
154 155
-59 145
-25 69
173 180
-175 -170
-143 164
-146 -29
-161 -158
128 129
27 142
-197 -137
180 182
135 136
48 158
-160 -33
-197 -193
73 76
-157 -146
-192 -120
-161 -158
-111 -105
-138 29
66 69
96 196
-181 -144
8 158
-57 -51
-192 -103
-138 -129
-19 -18
-51 -4
-65 -12
-47 -42
-19 -18
-197 -63
-9 18
128 129
-90 -47
-197 -193
147 154
182 183
-169 -143
-160 -91
-168 31
-13 -9
-128 75
135 145
128 129
129 135
-7 52
-175 128
-59 175
-103 -100
-9 52
186 192
155 158
182 183
-81 158
55 82
0 8
-128 -8
-100 -98
-100 -98
-45 -42
-180 -19
182 183
137 145
168 170
-35 -29
-192 -9
136 137
-35 -29
186 192
-28 -26
-122 149
-142 -138
-157 155
-170 -161
8 23
-1 186
-8 -7
-103 -100
0 33
135 146
-51 -48
55 183
-122 181
-81 -69
-129 137
-26 192
60 65
-142 -138
-105 -103
-99 153
56 168
-128 -24
-176 -111
73 76
85 128
-146 43
71 184
-129 -128
65 73
-65 183
-98 -91
-59 -57
155 193
-47 -42
-193 -192
-48 32
-111 80
0 8
155 158
-151 23
-1 0
-131 137
-138 -129
180 182
48 55
86 178
0 158
-15 166
-51 -48
-100 -10
28 154
-57 -51
-143 -37
-35 66
-98 -4
137 145
135 136
-113 -111
76 79
56 57
56 57
65 180
73 76
69 73
147 154
170 175
-7 66
-130 -121
-170 168
-143 -142
-103 -100
-51 167
180 182
-138 133
-85 8
-51 -48
-98 -91
-129 -128
-47 -42
56 57
83 143
-193 -11
-56 -35
-65 57
135 136
-88 152
-26 -19
-52 92
-84 8
-69 -57
164 194
145 147
-175 -170
-79 181
158 164
-98 -91
183 184
-113 -111
-193 -192
-110 182
12 80
33 48
73 76
-117 -29
-40 82
-157 -146
-110 -53
-183 0
23 33
-152 128
-111 27
-111 4
0 8
-111 -105
-69 93
8 180
-65 -59
-177 -91
-28 56
-35 -29
-187 -177
55 180
-142 -138
-158 -157
-103 -100
-7 -1
-47 -42
-41 176
-158 -117
168 170
-105 178
-26 169
-29 -28
-51 -48
-8 -7
-57 184
-57 -51
-81 -69
129 135
154 192
-48 -47
-80 0
-110 -27
48 152
-111 80
-98 -91
-64 85
-175 -170
0 8
84 156
60 65
-146 82
-81 145
-171 -158
-75 -18
-1 0
-1 0
52 154
-78 105
145 147
-58 -57
180 182
-81 -69
-156 -87
48 55
-194 147
-193 -192
-165 69
-33 73
5 33
-156 -18
40 180
33 48
135 168
164 167
-69 -65
-146 -143
-100 -98
-161 -158
-65 -59
-51 -48
155 158
145 152
-51 -48
-111 43
0 8
155 158
-65 186
-72 134
-48 -47
66 69
79 135
-9 190
-28 -26
-111 88
44 183
-120 48
-138 -129
-48 -47
-175 108
129 135
-8 -7
135 136
168 170
-187 55
-111 69
178 180
-159 -126
-179 145
80 82
-128 -124
-100 -98
168 170
-29 -13
-28 -26
164 167
60 65
-175 -170
-142 -138
-111 -105
18 69
-181 -48
-59 -1
55 56
61 153
-111 86
-197 -23
-59 -57
-187 136
23 151
66 69
76 79
-6 147
-9 -8
154 155
23 33
27 57
-100 73
-187 -177
147 154
-27 55
-89 108
-9 -8
71 182
-175 -170
-81 -69
-9 -8
60 65
-143 4
-29 -28
-192 -29
-32 48
23 33
-19 -18
82 85
-65 -59
-13 -9
-192 129
-177 131
-105 154
170 175
155 158
82 85
-193 -192
-142 -129
79 80
-57 14
145 147
60 65
-192 85
-142 -138
-65 -59
25 152
-18 -13
-69 57
-161 135
170 175
-113 -103
-177 -175
65 66
184 186
13 145
-68 -18
-103 -100
183 184
-105 -28
-97 54
-105 76
-138 -129
-108 73
60 65
-187 -177
65 82
145 147
-7 -1
-63 80
-26 60
65 66
168 170
-187 -7
-113 -111
-8 -7
-143 -142
65 66
147 154
128 129
56 57
-142 -138
-175 -170
57 60
-13 -9
164 167
158 164
-163 -42
-28 -26
60 65
-104 52
-43 156
-69 174
128 129
-100 80
-51 -22
-170 -161
164 167
-158 -157
-77 64
-51 -48
-129 -128
-29 -28
164 167
-175 168
-47 127
-177 128
-175 -59
-161 -119
-7 125
-19 -18
-65 -59
-193 -192
145 147
-51 -48
-69 -65
168 170
170 175
21 164
55 56
-95 146
-193 -192
-87 -24
-48 -47
-1 0
-100 -98
-29 196
-158 -143
158 164
147 154
-158 -157
-26 -19
-28 147
-7 -1
-19 -18
184 186
-197 -193
-128 -113
-196 -188
-1 0
-103 -100
-161 -158
167 168
-73 -19
-137 33
-177 -161
145 147
-29 -28
-146 -105
-164 168
14 69
-28 -26
-199 -45
-98 -7
72 135
182 183
-146 -143
48 55
-18 136
-28 57
-28 -26
-7 -1
-143 160
-113 55
55 155
-47 48
-157 145
-100 96
-153 56
170 175
-197 177
-65 184
-129 -128
-171 32
-161 -158
-47 155
-35 -29
-51 -48
-59 147
186 192
-91 180
23 80
145 147
-9 -8
-158 -157
-33 -1
-28 -26
-138 159
-175 23
-81 -69
-28 -26
-111 -105
23 33
8 170
-187 -177
-175 -170
-146 -143
33 48
129 150
-197 60
-161 73
-197 -138
178 180
-179 48
-128 -113
-121 -64
-170 -161
-7 -1
-132 0
-193 -192
-47 -42
-177 -175
180 182
55 56
-176 -80
-158 -157
-96 128
-159 -157
-129 -128
186 192
8 23
-9 -8
-51 183
-93 182
60 65
-175 -60
-42 -35
154 155
-8 -7
-8 -7
-161 -158
-18 -13
55 56
8 23
-129 170
-197 175
-95 85
-7 -1
-7 -1
-187 -28
143 156
186 192
48 55
-13 158
145 147
65 66
50 164
73 76
137 145
-103 0
-1 0
-149 -69
-48 11
65 164
-128 158
-51 177
69 73
-109 -105
8 23
-171 48
145 183
186 192
-18 -13
-29 -9
-57 158
0 4
-62 8
-143 -142
-146 -16
-138 69
-144 52
175 178
35 189
-47 11
128 129
-100 -98
80 82
154 155
55 56
-100 -98
152 183
56 57
108 131
-113 -111
-35 56
-161 -157
-51 -48
-100 -48
145 147
113 164
48 83
-146 -143
-143 -116
178 180
-187 -146
180 182
-142 -138
-125 -59
-51 -48
-113 -111
-11 182
-1 0
113 167
-187 -177
8 23
-35 -29
-161 -158
-100 -98
-170 122
-13 84
147 154
-25 0
23 33
56 57
55 56
-42 97
-158 -89
-7 -1
-1 0
-152 -60
-161 -158
-9 -8
-51 -48
-26 98
82 85
-129 -128
-98 82
-19 131
-142 -71
-28 -26
180 182
-197 145
85 168
145 147
-144 46
135 145
-105 -103
-8 61
-195 180
147 154
-161 -26
8 23
186 192
69 73
-161 -81
-35 -29
-26 -19
-105 79
-59 -57
180 182
-151 191
-87 12
-66 -5
-8 8
83 108
147 154
22 56
-103 -100
-48 76
74 178
-177 -175
-192 -175
-59 48
-177 -175
-64 198
-109 30
-170 -52
-34 79
-91 -89
129 135
-193 -192
-57 -51
-129 -128
-142 145
-89 167
-146 184
-51 126
-170 -132
-19 98
-138 183
135 136
-51 -48
6 154
-105 -103
-69 -65
26 188
186 192
-35 0
-170 -35
164 167
-197 -193
76 81
-47 10
-69 -28
-197 -193
-132 -42
-138 163
-111 -105
158 184
73 192
55 164
85 128
-118 167
158 164
131 194
136 157
-146 192
-113 -111
59 65
-187 -52
168 170
56 57
-66 -1
-128 -113
84 147
-161 -22
186 192
-45 -23
-13 82
23 33
82 136
73 84
-128 158
-199 155
-197 -69
60 65
-35 -29
-140 -69
84 170
37 60
23 164
-62 -28
-81 150
-57 56
-142 42
-47 136
135 136
-158 113
-177 -54
66 69
-20 33
-197 -60
-113 94
79 170
-143 -142
-136 -81
46 150
-193 -192
-175 129
170 175
-166 -91
180 182
-146 -143
-81 -69
-102 155
-146 -143
-98 176
-187 -177
-153 -2
-157 -146
57 162
8 168
182 183
48 80
-47 129
-175 -170
-170 -124
-157 -105
-45 60
73 76
-18 -13
73 155
19 57
-157 -146
-115 66
-105 31
-193 -192
-148 -80
-185 -143
-187 -2
-191 -97
-170 -137
58 155
-103 -47
-196 -89
76 79
-89 42
-192 66
2 3
-42 -35
-111 -105
-35 -29
-187 -177
-48 -47
154 155
-105 -103
-129 -128
170 175
173 184
57 60
-186 39
-175 192
-65 178
-9 73
60 65
18 54
-65 -59
-187 -177
-143 -142
-128 -113
-19 -18
184 186
-13 -9
-9 -8
0 8
129 135
116 170
-133 -28
-1 60
82 85
-177 -175
23 33
-170 -138
66 69
-161 80
-100 -98
-77 -29
-100 -98
-111 48
-193 -192
164 167
-191 -173
137 145
155 158
-85 -7
8 23
175 178
160 186
137 154
-193 -28
-113 -18
-178 -177
-81 -69
-19 -18
-138 -125
-130 197
-88 -39
79 80
-175 -170
-168 158
-105 -13
76 158
-131 -30
-47 68
-158 48
85 128
-103 -100
-105 -65
186 192
-192 -175
91 178
-177 0
-143 -89
33 48
-177 135
-44 -1
-182 131
-146 -143
49 98
21 23
-158 -99
-48 145
-111 33
-142 -138
154 164
73 183
79 80
-98 -91
147 154
82 85
-158 -157
20 135
-16 175
-117 -20
-91 136
-169 129
-59 182
144 175
184 186
31 80
-53 167
63 65
-111 -105
-158 -157
-142 -138
184 186
-197 154
76 79
-51 -48
-19 94
-128 180
-158 189
-128 85
-59 -57
-48 152
167 168
76 79
-138 154
-107 186
-142 -117
-158 83
-157 -146
-26 -19
-19 -1
182 183
86 183
-69 -65
129 135
135 136
-51 186
55 56
69 73
-138 -129
-142 74
-193 196
164 167
137 145
-177 -143
-177 -59
-175 -111
-9 -8
56 57
-1 0
85 128
-171 -98
-165 159
66 69
-188 -161
91 128
48 55
-146 -143
110 155
-9 -8
12 155
-158 23
80 82
-67 -13
167 168
-98 56
79 80
-170 128
-19 189
-129 -128
-59 -57
155 158
10 54
-29 65
-189 -13
-105 -103
-128 -113
-28 183
-28 199
-175 -170
-47 118
137 145
-31 48
-193 -192
-13 178
48 55
33 48
-47 -42
80 155
-147 51
-42 178
23 33
-35 76
182 183
-8 137
-39 -28
-53 167
-107 -1
57 128
-47 -42
-42 -35
-7 -1
-141 175
42 71
55 170
183 184
76 79
-1 147
-100 -98
-175 -170
-187 82
186 192
168 170
-68 80
-69 -65
-187 77
-13 -9
-103 -7
80 82
-88 145
-5 138
-193 -91
-157 170
-28 -26
-111 -37
81 128
82 85
-80 -57
-13 168
136 137
8 23
23 33
-99 -2
-44 -10
-185 -27
-51 33
23 33
0 8
-105 137
-103 -100
23 199
88 189
-121 4
183 184
55 56
50 175
143 180
-187 -71
-42 -35
-157 -146
-69 -65
57 60
66 178
-22 138
-114 148
-187 -177
-57 -13
-161 -158
-105 -103
-51 155
-43 65
-145 43
-19 -18
-51 -48
184 186
-170 -161
73 76
-57 -51
186 192
170 175
-34 48
-111 -105
-157 -41
164 167
-172 -57
-47 48
-157 -146
-161 -9
164 167
-89 68
164 183
-175 155
-187 -177
155 158
-103 154
-38 153
-48 -47
128 147
-7 -1
-1 56
-35 -29
-103 -100
79 80
-161 -57
-91 -89
-48 -47
-81 128
76 134
76 79
-157 -146
-81 154
-105 -103
66 69
34 131
57 60
-146 199
65 66
73 127
-48 -47
-113 170
-183 0
73 137
-57 -51
-153 55
-168 -28
137 164
-6 163
-143 -142
-129 -128
136 137
76 79
85 147
170 175
0 8
0 8
154 155
-35 -29
55 56
82 85
-90 -69
69 73
48 55
-28 -26
-35 -29
-89 -57
155 158
-146 -47
-63 -9
167 168
-175 -170
85 128
-18 -13
-180 80
-69 -65
168 170
57 128
-187 -177
-32 65
-138 -129
-143 -142
0 8
184 186
175 178
-81 -8
184 186
-146 52
66 69
-199 -117
57 60
-9 -8
44 133
23 55
-18 -13
-105 -103
-1 0
-170 8
-138 -129
-151 56
135 181
178 180
158 164
170 175
-115 79
-177 11
-29 -28
167 168
-146 145
-6 136
73 76
85 128
-158 63
65 66
-91 -89
-164 -91
167 168
-101 109
-175 -82
76 79
-111 -76
-13 -2
-157 -100
25 34
99 154
-81 -40
-143 -129
73 76
-100 -37
48 55
