1000 1000
1 2 9987
1 3 1
2 4 10000
3 5 10000
4 6 10000
5 7 10000
6 8 10000
7 9 10000
8 10 10000
9 11 10000
10 12 10000
11 13 10000
12 14 10000
13 15 10000
14 16 10000
15 17 10000
16 18 10000
17 19 10000
18 20 10000
19 21 10000
20 22 10000
21 23 10000
22 24 10000
23 25 10000
24 26 10000
25 27 10000
26 28 10000
27 29 10000
28 30 10000
29 31 10000
30 32 10000
31 33 10000
32 34 10000
33 35 10000
34 36 10000
35 37 10000
36 38 10000
37 39 10000
38 40 10000
39 41 10000
40 42 10000
41 43 10000
42 44 10000
43 45 10000
44 46 10000
45 47 10000
46 48 10000
47 49 10000
48 50 10000
49 51 10000
50 52 10000
51 53 10000
52 54 10000
53 55 10000
54 56 10000
55 57 10000
56 58 10000
57 59 10000
58 60 10000
59 61 10000
60 62 10000
61 63 10000
62 64 10000
63 65 10000
64 66 10000
65 67 10000
66 68 10000
67 69 10000
68 70 10000
69 71 10000
70 72 10000
71 73 10000
72 74 10000
73 75 10000
74 76 10000
75 77 10000
76 78 10000
77 79 10000
78 80 10000
79 81 10000
80 82 10000
81 83 10000
82 84 10000
83 85 10000
84 86 10000
85 87 10000
86 88 10000
87 89 10000
88 90 10000
89 91 10000
90 92 10000
91 93 10000
92 94 10000
93 95 10000
94 96 10000
95 97 10000
96 98 10000
97 99 10000
98 100 10000
99 101 10000
100 102 10000
101 103 10000
102 104 10000
103 105 10000
104 106 10000
105 107 10000
106 108 10000
107 109 10000
108 110 10000
109 111 10000
110 112 10000
111 113 10000
112 114 10000
113 115 10000
114 116 10000
115 117 10000
116 118 10000
117 119 10000
118 120 10000
119 121 10000
120 122 10000
121 123 10000
122 124 10000
123 125 10000
124 126 10000
125 127 10000
126 128 10000
127 129 10000
128 130 10000
129 131 10000
130 132 10000
131 133 10000
132 134 10000
133 135 10000
134 136 10000
135 137 10000
136 138 10000
137 139 10000
138 140 10000
139 141 10000
140 142 10000
141 143 10000
142 144 10000
143 145 10000
144 146 10000
145 147 10000
146 148 10000
147 149 10000
148 150 10000
149 151 10000
150 152 10000
151 153 10000
152 154 10000
153 155 10000
154 156 10000
155 157 10000
156 158 10000
157 159 10000
158 160 10000
159 161 10000
160 162 10000
161 163 10000
162 164 10000
163 165 10000
164 166 10000
165 167 10000
166 168 10000
167 169 10000
168 170 10000
169 171 10000
170 172 10000
171 173 10000
172 174 10000
173 175 10000
174 176 10000
175 177 10000
176 178 10000
177 179 10000
178 180 10000
179 181 10000
180 182 10000
181 183 10000
182 184 10000
183 185 10000
184 186 10000
185 187 10000
186 188 10000
187 189 10000
188 190 10000
189 191 10000
190 192 10000
191 193 10000
192 194 10000
193 195 10000
194 196 10000
195 197 10000
196 198 10000
197 199 10000
198 200 10000
199 201 10000
200 202 10000
201 203 10000
202 204 10000
203 205 10000
204 206 10000
205 207 10000
206 208 10000
207 209 10000
208 210 10000
209 211 10000
210 212 10000
211 213 10000
212 214 10000
213 215 10000
214 216 10000
215 217 10000
216 218 10000
217 219 10000
218 220 10000
219 221 10000
220 222 10000
221 223 10000
222 224 10000
223 225 10000
224 226 10000
225 227 10000
226 228 10000
227 229 10000
228 230 10000
229 231 10000
230 232 10000
231 233 10000
232 234 10000
233 235 10000
234 236 10000
235 237 10000
236 238 10000
237 239 10000
238 240 10000
239 241 10000
240 242 10000
241 243 10000
242 244 10000
243 245 10000
244 246 10000
245 247 10000
246 248 10000
247 249 10000
248 250 10000
249 251 10000
250 252 10000
251 253 10000
252 254 10000
253 255 10000
254 256 10000
255 257 10000
256 258 10000
257 259 10000
258 260 10000
259 261 10000
260 262 10000
261 263 10000
262 264 10000
263 265 10000
264 266 10000
265 267 10000
266 268 10000
267 269 10000
268 270 10000
269 271 10000
270 272 10000
271 273 10000
272 274 10000
273 275 10000
274 276 10000
275 277 10000
276 278 10000
277 279 10000
278 280 10000
279 281 10000
280 282 10000
281 283 10000
282 284 10000
283 285 10000
284 286 10000
285 287 10000
286 288 10000
287 289 10000
288 290 10000
289 291 10000
290 292 10000
291 293 10000
292 294 10000
293 295 10000
294 296 10000
295 297 10000
296 298 10000
297 299 10000
298 300 10000
299 301 10000
300 302 10000
301 303 10000
302 304 10000
303 305 10000
304 306 10000
305 307 10000
306 308 10000
307 309 10000
308 310 10000
309 311 10000
310 312 10000
311 313 10000
312 314 10000
313 315 10000
314 316 10000
315 317 10000
316 318 10000
317 319 10000
318 320 10000
319 321 10000
320 322 10000
321 323 10000
322 324 10000
323 325 10000
324 326 10000
325 327 10000
326 328 10000
327 329 10000
328 330 10000
329 331 10000
330 332 10000
331 333 10000
332 334 10000
333 335 10000
334 336 10000
335 337 10000
336 338 10000
337 339 10000
338 340 10000
339 341 10000
340 342 10000
341 343 10000
342 344 10000
343 345 10000
344 346 10000
345 347 10000
346 348 10000
347 349 10000
348 350 10000
349 351 10000
350 352 10000
351 353 10000
352 354 10000
353 355 10000
354 356 10000
355 357 10000
356 358 10000
357 359 10000
358 360 10000
359 361 10000
360 362 10000
361 363 10000
362 364 10000
363 365 10000
364 366 10000
365 367 10000
366 368 10000
367 369 10000
368 370 10000
369 371 10000
370 372 10000
371 373 10000
372 374 10000
373 375 10000
374 376 10000
375 377 10000
376 378 10000
377 379 10000
378 380 10000
379 381 10000
380 382 10000
381 383 10000
382 384 10000
383 385 10000
384 386 10000
385 387 10000
386 388 10000
387 389 10000
388 390 10000
389 391 10000
390 392 10000
391 393 10000
392 394 10000
393 395 10000
394 396 10000
395 397 10000
396 398 10000
397 399 10000
398 400 10000
399 401 10000
400 402 10000
401 403 10000
402 404 10000
403 405 10000
404 406 10000
405 407 10000
406 408 10000
407 409 10000
408 410 10000
409 411 10000
410 412 10000
411 413 10000
412 414 10000
413 415 10000
414 416 10000
415 417 10000
416 418 10000
417 419 10000
418 420 10000
419 421 10000
420 422 10000
421 423 10000
422 424 10000
423 425 10000
424 426 10000
425 427 10000
426 428 10000
427 429 10000
428 430 10000
429 431 10000
430 432 10000
431 433 10000
432 434 10000
433 435 10000
434 436 10000
435 437 10000
436 438 10000
437 439 10000
438 440 10000
439 441 10000
440 442 10000
441 443 10000
442 444 10000
443 445 10000
444 446 10000
445 447 10000
446 448 10000
447 449 10000
448 450 10000
449 451 10000
450 452 10000
451 453 10000
452 454 10000
453 455 10000
454 456 10000
455 457 10000
456 458 10000
457 459 10000
458 460 10000
459 461 10000
460 462 10000
461 463 10000
462 464 10000
463 465 10000
464 466 10000
465 467 10000
466 468 10000
467 469 10000
468 470 10000
469 471 10000
470 472 10000
471 473 10000
472 474 10000
473 475 10000
474 476 10000
475 477 10000
476 478 10000
477 479 10000
478 480 10000
479 481 10000
480 482 10000
481 483 10000
482 484 10000
483 485 10000
484 486 10000
485 487 10000
486 488 10000
487 489 10000
488 490 10000
489 491 10000
490 492 10000
491 493 10000
492 494 10000
493 495 10000
494 496 10000
495 497 10000
496 498 10000
497 499 10000
498 500 10000
499 501 10000
500 502 10000
501 503 10000
502 504 10000
503 505 10000
504 506 10000
505 507 10000
506 508 10000
507 509 10000
508 510 10000
509 511 10000
510 512 10000
511 513 10000
512 514 10000
513 515 10000
514 516 10000
515 517 10000
516 518 10000
517 519 10000
518 520 10000
519 521 10000
520 522 10000
521 523 10000
522 524 10000
523 525 10000
524 526 10000
525 527 10000
526 528 10000
527 529 10000
528 530 10000
529 531 10000
530 532 10000
531 533 10000
532 534 10000
533 535 10000
534 536 10000
535 537 10000
536 538 10000
537 539 10000
538 540 10000
539 541 10000
540 542 10000
541 543 10000
542 544 10000
543 545 10000
544 546 10000
545 547 10000
546 548 10000
547 549 10000
548 550 10000
549 551 10000
550 552 10000
551 553 10000
552 554 10000
553 555 10000
554 556 10000
555 557 10000
556 558 10000
557 559 10000
558 560 10000
559 561 10000
560 562 10000
561 563 10000
562 564 10000
563 565 10000
564 566 10000
565 567 10000
566 568 10000
567 569 10000
568 570 10000
569 571 10000
570 572 10000
571 573 10000
572 574 10000
573 575 10000
574 576 10000
575 577 10000
576 578 10000
577 579 10000
578 580 10000
579 581 10000
580 582 10000
581 583 10000
582 584 10000
583 585 10000
584 586 10000
585 587 10000
586 588 10000
587 589 10000
588 590 10000
589 591 10000
590 592 10000
591 593 10000
592 594 10000
593 595 10000
594 596 10000
595 597 10000
596 598 10000
597 599 10000
598 600 10000
599 601 10000
600 602 10000
601 603 10000
602 604 10000
603 605 10000
604 606 10000
605 607 10000
606 608 10000
607 609 10000
608 610 10000
609 611 10000
610 612 10000
611 613 10000
612 614 10000
613 615 10000
614 616 10000
615 617 10000
616 618 10000
617 619 10000
618 620 10000
619 621 10000
620 622 10000
621 623 10000
622 624 10000
623 625 10000
624 626 10000
625 627 10000
626 628 10000
627 629 10000
628 630 10000
629 631 10000
630 632 10000
631 633 10000
632 634 10000
633 635 10000
634 636 10000
635 637 10000
636 638 10000
637 639 10000
638 640 10000
639 641 10000
640 642 10000
641 643 10000
642 644 10000
643 645 10000
644 646 10000
645 647 10000
646 648 10000
647 649 10000
648 650 10000
649 651 10000
650 652 10000
651 653 10000
652 654 10000
653 655 10000
654 656 10000
655 657 10000
656 658 10000
657 659 10000
658 660 10000
659 661 10000
660 662 10000
661 663 10000
662 664 10000
663 665 10000
664 666 10000
665 667 10000
666 668 10000
667 669 10000
668 670 10000
669 671 10000
670 672 10000
671 673 10000
672 674 10000
673 675 10000
674 676 10000
675 677 10000
676 678 10000
677 679 10000
678 680 10000
679 681 10000
680 682 10000
681 683 10000
682 684 10000
683 685 10000
684 686 10000
685 687 10000
686 688 10000
687 689 10000
688 690 10000
689 691 10000
690 692 10000
691 693 10000
692 694 10000
693 695 10000
694 696 10000
695 697 10000
696 698 10000
697 699 10000
698 700 10000
699 701 10000
700 702 10000
701 703 10000
702 704 10000
703 705 10000
704 706 10000
705 707 10000
706 708 10000
707 709 10000
708 710 10000
709 711 10000
710 712 10000
711 713 10000
712 714 10000
713 715 10000
714 716 10000
715 717 10000
716 718 10000
717 719 10000
718 720 10000
719 721 10000
720 722 10000
721 723 10000
722 724 10000
723 725 10000
724 726 10000
725 727 10000
726 728 10000
727 729 10000
728 730 10000
729 731 10000
730 732 10000
731 733 10000
732 734 10000
733 735 10000
734 736 10000
735 737 10000
736 738 10000
737 739 10000
738 740 10000
739 741 10000
740 742 10000
741 743 10000
742 744 10000
743 745 10000
744 746 10000
745 747 10000
746 748 10000
747 749 10000
748 750 10000
749 751 10000
750 752 10000
751 753 10000
752 754 10000
753 755 10000
754 756 10000
755 757 10000
756 758 10000
757 759 10000
758 760 10000
759 761 10000
760 762 10000
761 763 10000
762 764 10000
763 765 10000
764 766 10000
765 767 10000
766 768 10000
767 769 10000
768 770 10000
769 771 10000
770 772 10000
771 773 10000
772 774 10000
773 775 10000
774 776 10000
775 777 10000
776 778 10000
777 779 10000
778 780 10000
779 781 10000
780 782 10000
781 783 10000
782 784 10000
783 785 10000
784 786 10000
785 787 10000
786 788 10000
787 789 10000
788 790 10000
789 791 10000
790 792 10000
791 793 10000
792 794 10000
793 795 10000
794 796 10000
795 797 10000
796 798 10000
797 799 10000
798 800 10000
799 801 10000
800 802 10000
801 803 10000
802 804 10000
803 805 10000
804 806 10000
805 807 10000
806 808 10000
807 809 10000
808 810 10000
809 811 10000
810 812 10000
811 813 10000
812 814 10000
813 815 10000
814 816 10000
815 817 10000
816 818 10000
817 819 10000
818 820 10000
819 821 10000
820 822 10000
821 823 10000
822 824 10000
823 825 10000
824 826 10000
825 827 10000
826 828 10000
827 829 10000
828 830 10000
829 831 10000
830 832 10000
831 833 10000
832 834 10000
833 835 10000
834 836 10000
835 837 10000
836 838 10000
837 839 10000
838 840 10000
839 841 10000
840 842 10000
841 843 10000
842 844 10000
843 845 10000
844 846 10000
845 847 10000
846 848 10000
847 849 10000
848 850 10000
849 851 10000
850 852 10000
851 853 10000
852 854 10000
853 855 10000
854 856 10000
855 857 10000
856 858 10000
857 859 10000
858 860 10000
859 861 10000
860 862 10000
861 863 10000
862 864 10000
863 865 10000
864 866 10000
865 867 10000
866 868 10000
867 869 10000
868 870 10000
869 871 10000
870 872 10000
871 873 10000
872 874 10000
873 875 10000
874 876 10000
875 877 10000
876 878 10000
877 879 10000
878 880 10000
879 881 10000
880 882 10000
881 883 10000
882 884 10000
883 885 10000
884 886 10000
885 887 10000
886 888 10000
887 889 10000
888 890 10000
889 891 10000
890 892 10000
891 893 10000
892 894 10000
893 895 10000
894 896 10000
895 897 10000
896 898 10000
897 899 10000
898 900 10000
899 901 10000
900 902 10000
901 903 10000
902 904 10000
903 905 10000
904 906 10000
905 907 10000
906 908 10000
907 909 10000
908 910 10000
909 911 10000
910 912 10000
911 913 10000
912 914 10000
913 915 10000
914 916 10000
915 917 10000
916 918 10000
917 919 10000
918 920 10000
919 921 10000
920 922 10000
921 923 10000
922 924 10000
923 925 10000
924 926 10000
925 927 10000
926 928 10000
927 929 10000
928 930 10000
929 931 10000
930 932 10000
931 933 10000
932 934 10000
933 935 10000
934 936 10000
935 937 10000
936 938 10000
937 939 10000
938 940 10000
939 941 10000
940 942 10000
941 943 10000
942 944 10000
943 945 10000
944 946 10000
945 947 10000
946 948 10000
947 949 10000
948 950 10000
949 951 10000
950 952 10000
951 953 10000
952 954 10000
953 955 10000
954 956 10000
955 957 10000
956 958 10000
957 959 10000
958 960 10000
959 961 10000
960 962 10000
961 963 10000
962 964 10000
963 965 10000
964 966 10000
965 967 10000
966 968 10000
967 969 10000
968 970 10000
969 971 10000
970 972 10000
971 973 10000
972 974 10000
973 975 10000
974 976 10000
975 977 10000
976 978 10000
977 979 10000
978 980 10000
979 981 10000
980 982 10000
981 983 10000
982 984 10000
983 985 10000
984 986 10000
985 987 10000
986 988 10000
987 989 10000
988 990 10000
989 991 10000
990 992 10000
991 993 10000
992 994 10000
993 995 10000
994 996 10000
995 997 10000
996 998 10000
997 999 10000
998 1000 10000
999 1000 1